final_path
0	130	11	-170	-5.625	1.5708
0.1	131.101	11.0144	-168.899	-5.62501	1.57081
0.2	132.206	11.0475	-167.794	-5.62502	1.5708
0.3	133.312	11.0759	-166.688	-5.62502	1.5708
0.4	134.421	11.1043	-165.579	-5.62501	1.57078
0.5	135.533	11.1327	-164.467	-5.62498	1.57076
0.6	136.648	11.1612	-163.352	-5.62494	1.57076
0.7	137.801	11.1896	-162.199	-5.6249	1.57078
0.8	138.922	11.2262	-161.078	-5.62492	1.57084
0.9	140.046	11.2628	-159.954	-5.62501	1.57091
1	141.174	11.2994	-158.826	-5.62471	1.56977
1.1	142.306	11.336	-157.694	-5.62181	1.56635
1.2	143.442	11.3726	-156.559	-5.61397	1.5612
1.3	144.581	11.4092	-155.419	-5.5994	1.55459
1.4	145.813	11.4458	-154.187	-5.57433	1.5461
1.5	146.964	11.572	-153.037	-5.54075	1.53692
1.6	148.127	11.6982	-151.874	-5.49532	1.52634
1.7	149.304	11.8244	-150.7	-5.43627	1.51467
1.8	150.492	11.9505	-149.513	-5.36221	1.50225
1.9	151.694	12.0767	-148.315	-5.27259	1.4901
2	152.908	12.2029	-147.106	-5.1674	1.47794
2.1	154.134	12.3291	-145.885	-5.04605	1.46549
2.2	155.373	12.4552	-144.654	-4.90824	1.4533
2.3	157.136	12.5814	-142.905	-4.68831	1.43901
2.4	158.398	12.6611	-141.654	-4.51743	1.4311
2.5	159.684	12.7408	-140.381	-4.33369	1.42404
2.6	160.96	12.7525	-139.12	-4.14392	1.41923
2.7	162.238	12.7827	-137.857	-3.94943	1.41747
2.8	163.518	12.8137	-136.592	-3.7545	1.41849
2.9	164.801	12.8447	-135.324	-3.56082	1.42016
3	166.087	12.8757	-134.052	-3.37006	1.42419
3.1	167.401	12.9067	-132.751	-3.18237	1.43102
3.2	168.693	12.9356	-131.471	-3.00752	1.43931
3.3	169.988	12.9645	-130.187	-2.84339	1.44815
3.4	171.299	12.9934	-128.885	-2.68911	1.45778
3.5	172.601	13.0184	-127.59	-2.54932	1.46883
3.6	173.906	13.052	-126.291	-2.42386	1.48021
3.7	175.213	13.0897	-124.989	-2.31293	1.49137
3.8	176.524	13.1274	-123.682	-2.21596	1.50204
3.9	177.838	13.1651	-122.37	-2.13252	1.51254
4	179.157	13.2028	-121.053	-2.06269	1.52301
4.1	180.526	13.2405	-119.685	-2.00431	1.53314
4.2	181.851	13.2506	-118.361	-1.96039	1.54196
4.3	183.177	13.2591	-117.036	-1.92737	1.5496
4.4	184.503	13.2676	-115.71	-1.90374	1.5562
4.5	185.83	13.2761	-114.382	-1.88821	1.56182
4.6	187.158	13.2846	-113.054	-1.87938	1.56628
4.7	188.487	13.2931	-111.726	-1.87564	1.56943
end_path
tree
0	130	11	-1
0.1	131.084	10.8435	0
0.2	132.126	10.4189	1
0.3	133.153	10.2628	2
0.4	134.13	9.77154	3
0.1	131.121	11.2062	0
0.5	135.071	9.41323	4
0.6	135.967	8.96208	6
0.2	132.239	11.1792	5
0.7	136.852	8.84499	7
0.3	133.395	11.4082	468
0.1	131.101	11.0144	0
0.3	133.351	11.1262	8
0.2	132.166	10.8199	1
0.6	135.987	9.1598	6
0.4	134.566	11.7086	10
0.4	134.172	10.2981	1063
0.3	133.242	10.748	1398
0.4	134.548	11.5288	10
0.5	135.708	11.5984	18
0.6	136.847	11.396	19
0.5	135.225	10.3461	1386
0.8	137.702	9.45754	511
0.9	138.545	9.3291	511
0.6	136.275	10.3712	567
0.7	137.982	11.3521	20
0.4	134.458	11.0653	12
1	139.379	9.04241	1328
0.5	135.779	12.1356	15
0.8	139.157	11.5459	480
0.8	139.096	11.4208	345
1.1	140.203	8.3051	433
0.4	134.18	10.3231	1063
0.5	135.107	10.0646	511
1.2	140.981	8.68028	629
1.2	141.069	8.77554	1070
0.8	137.734	9.50443	511
0.9	140.201	11.0472	30
0.9	140.372	12.1454	29
1	141.345	11.4378	37
1.2	141.03	8.73186	1070
1.3	141.748	8.46764	1494
0.6	136.107	10.0452	1
1.4	142.545	8.26756	1283
0.3	133.253	10.8651	13
1	141.287	11.3505	96
1.1	142.327	11.2261	134
1	141.569	11.9749	38
0.9	140.313	11.5642	29
0.6	136.994	11.7607	468
1	141.63	11.9045	1381
1.1	142.888	12.0119	1435
1.5	143.317	8.10753	1237
0.1	131.094	10.945	0
1.2	144.123	12.0919	1381
0.6	136.027	9.89154	511
1.3	145.341	12.1043	1381
1.4	146.563	12.217	56
0.6	136.014	9.86491	511
0.8	137.73	9.49872	511
1.2	143.462	11.3243	1172
1.3	141.929	8.44362	1331
1.5	143.381	8.10498	1586
1.6	144.088	7.70653	52
0.5	135.179	10.2354	1002
1.3	144.634	11.713	60
1.5	147.75	12.1416	489
1.4	145.79	11.4494	828
1.3	145.363	12.1361	1381
1.6	144.082	7.64328	52
1.5	147.792	12.1433	463
0.7	136.984	9.56828	55
1.6	144.241	8.18898	1596
1.1	142.364	11.374	507
1.2	143.451	11.2676	1277
0.4	134.322	10.7597	53
1.6	148.934	11.686	324
0.8	137.952	9.80959	1002
0.5	135.391	10.7403	53
0.2	132.252	11.3139	5
1.7	145.143	8.09499	1175
0.5	135.736	11.6119	79
0.7	137.32	10.2583	103
1.6	149.051	12.3255	51
1.2	143.438	11.2545	1038
0.2	132.155	10.6991	1002
1.7	144.846	7.64364	69
1.8	145.99	8.47136	80
1.1	142.918	11.8102	391
1.7	150.1	11.6635	76
0.5	135.175	10.2262	1
0.6	136.974	11.952	28
1.4	146.613	12.1815	1381
1.8	151.294	12.2696	311
0.6	136.448	10.7062	53
1.4	145.813	11.4458	678
0.2	132.206	11.0475	11
1.7	150.308	12.5732	83
0.9	140.332	11.7459	29
1.9	152.494	12.0028	93
0.9	138.554	9.34108	511
1.2	143.449	11.2652	1277
1.8	151.272	11.6875	324
0.3	133.217	10.6128	85
0.1	131.115	11.1486	0
1.1	142.765	11.7103	492
1.8	151.561	12.4218	489
2	153.696	12.0141	99
0.8	137.936	9.78602	1002
0.7	136.894	9.68865	511
2.1	154.851	11.6515	500
2.2	155.999	11.4794	110
0.9	138.539	9.32165	511
0.9	138.622	9.25852	1320
1.5	146.925	11.3987	717
1	139.386	8.41221	23
1.9	152.803	12.4234	106
0.7	137.122	10.0592	1386
0.8	138.125	9.94932	85
2	154.071	12.68	116
2.3	157.113	12.5559	95
2.3	157.11	12.5523	95
0.8	138.36	10.3832	1398
0.2	132.186	10.9181	53
0.9	138.903	9.77105	1386
2.3	157.106	12.5477	95
2.4	158.394	12.751	165
1.5	147.776	12.2182	51
2.3	157.113	12.5557	95
2.3	157.103	12.7285	165
2.4	158.355	12.7024	165
2.3	157.144	12.5899	95
0.7	137.517	10.665	936
2.5	159.684	12.7408	157
0.1	131.101	11.0127	0
0.9	139.403	10.4315	122
2.6	160.994	12.831	163
0.4	134.269	10.5261	103
1.2	143.431	11.2465	1038
2.3	157.143	12.589	95
1	140.445	10.3891	53
0.3	133.278	10.9123	123
1.1	142.479	11.4139	96
2.7	162.305	13.1093	136
0.9	140.342	11.5977	565
0.7	136.946	9.32246	58
2.1	154.882	11.8602	107
2.8	163.618	13.1638	256
1.6	148.041	11.5254	138
0.6	136.021	9.87895	511
1.2	143.402	11.2138	1038
0.8	138.148	10.0844	567
2.9	164.965	13.4679	147
1	139.505	9.35627	1
1.2	141.024	8.72563	1070
1.8	145.936	7.92624	80
0.6	137.003	11.7803	468
2.3	157.136	12.5814	95
1.5	147.004	11.909	95
2.1	154.905	11.7007	504
1.1	141.464	10.3694	53
1	139.388	8.43226	23
1.6	148.045	11.5351	138
2.3	157.144	12.5903	95
2.9	164.913	12.9466	147
1.6	148.193	11.8261	60
0.8	138.571	10.5436	132
1	141.51	11.6185	480
1.6	148.015	11.3745	46
2.9	164.927	13.0827	147
0.9	139.115	10.0323	567
2.3	157.119	12.5618	95
1	141.298	11.3646	96
2.1	155.386	12.663	1347
2.2	156.683	12.9659	173
1	139.877	9.65204	85
0.2	132.202	11.0089	0
1.2	143.441	11.2567	1277
0.7	136.915	9.72226	511
3	166.195	12.1149	1149
2.3	157.166	12.6146	95
0.4	134.544	11.4886	10
0.7	138.239	12.3564	156
1.7	149.207	11.622	162
1.7	149.156	11.3806	46
2.6	160.955	12.7002	133
1.4	142.567	8.32109	1283
2.3	157.994	12.8667	1582
0.7	136.902	9.70173	511
1.8	150.292	11.3775	46
2.3	157.105	12.5463	95
0.7	137.986	11.3915	20
1.6	148.218	11.5398	955
1.9	151.444	11.5202	189
2.2	156.071	11.693	504
3.1	167.47	12.6478	851
0.9	139.122	10.0414	567
0.5	135.693	11.4903	181
1.2	143.407	11.2201	1038
0.9	139.63	10.5361	1244
3.2	168.751	12.793	164
0.7	138.205	12.1139	49
3	166.335	13.3034	256
0.7	138.221	12.1802	156
3.3	170.008	12.9493	755
3.4	171.299	12.9934	1205
1.9	151.425	11.4076	239
3	166.343	12.2028	829
1.6	148.205	11.565	845
0.9	138.565	9.35452	511
0.5	135.744	11.6386	79
1.2	143.44	11.256	1038
3.5	172.601	13.0184	205
1.2	142.5	10.2644	1280
1.5	147.867	12.1764	1081
0.7	136.869	9.64573	511
1	140.688	10.6272	123
3	166.315	13.1354	355
0.9	139.168	9.91301	626
1.1	141.764	10.7609	216
2.3	157.144	12.5902	95
3	166.314	13.1332	355
0.4	134.276	10.5499	626
0.8	137.842	9.27753	178
1.7	149.365	11.7277	165
1.2	143.961	11.6238	347
1.9	152.443	12.1484	167
2	152.53	11.3566	239
3.4	171.243	12.8546	447
0.7	137.333	10.5826	24
0.3	133.302	11.0058	0
2.3	157.266	11.8702	949
0.8	137.882	9.71116	1
1.9	152.484	11.8659	1140
2.2	156.009	11.5795	110
3	166.325	13.1254	387
0.8	137.942	9.79471	1002
1.2	143.433	11.2488	1038
2.4	158.533	12.6761	231
1.3	144.58	11.265	46
1.2	142.829	10.6241	132
2.3	157.175	11.6633	234
1.1	142.493	11.4295	96
0.7	137.101	10.0252	1386
3.6	173.906	13.052	212
0.8	139.494	12.548	182
3.7	175.248	13.4276	244
0.7	136.955	9.4116	58
2.1	153.672	11.4171	227
2.2	154.779	11.0716	248
3.5	172.47	12.7893	447
3.6	173.688	12.5355	164
3	166.327	13.1287	387
3.7	174.904	12.4883	164
0.8	139.12	11.4692	345
2.4	159.277	12.8257	187
2.4	158.353	12.7002	165
0.8	139.478	12.3902	182
1.9	152.799	12.3856	106
3.8	176.146	12.424	253
1.2	142.843	10.5639	1420
3.9	177.363	12.1679	259
2.3	158.023	12.9155	1582
1.7	149.374	11.5852	845
3.8	176.566	13.0928	1205
1	139.513	9.36481	1
1.2	142.854	10.5833	1420
3.7	174.942	12.5436	251
1.1	140.442	9.35683	1002
4	178.583	12.1992	261
2.3	155.898	11.3823	1590
0.7	138.174	11.8432	79
0.6	136.091	10.0141	1
2	154.049	12.5824	1582
1.3	144.512	11.1845	482
1.4	145.599	11.2581	1433
1.2	142.499	10.2637	1280
2.3	155.867	11.3791	365
1.1	142.772	11.724	492
3.8	176.633	13.1886	1205
3.1	167.666	13.3092	202
1.5	146.671	10.7208	275
2.2	154.812	11.4482	1590
0.7	136.83	8.62329	7
1.3	141.946	8.47484	1150
2.4	156.937	10.7022	277
2.1	155.328	12.6682	832
2.3	155.953	11.409	282
1.7	150.286	12.3575	489
2.5	158.011	10.4325	1024
0.9	140.718	12.0945	79
4.1	179.785	12.1507	402
0.8	137.941	9.79394	1002
4.1	179.801	12.1743	402
0.5	135.213	10.3162	1386
3.9	177.844	13.128	244
1.3	143.532	10.2325	75
1.2	142.503	10.2677	1280
4	179.115	12.7103	295
1.3	145.149	11.7894	480
3.9	177.89	13.1114	1205
4.1	180.376	12.6106	298
0.9	138.913	9.78312	1386
2.2	156.12	11.9532	949
2	152.6	11.4573	239
0.4	134.34	10.7792	936
4.2	181.053	12.518	293
2.3	155.88	11.0127	249
2.5	157.958	10.3735	1024
4.3	182.308	12.3004	204
0.6	137.01	11.7942	468
1	141.478	11.5663	480
3.9	178	13.6731	279
4	179.213	13.2284	300
1.3	143.876	10.476	240
1.7	149.376	11.588	845
0.5	135.428	10.8763	305
1	141.532	11.6564	480
2.6	158.962	11.1693	1456
1.1	140.233	8.83278	1429
1.7	149.378	11.5923	845
4.4	183.529	12.2062	309
1.6	147.73	10.5852	281
1.4	144.913	10.511	1420
1	141.922	12.2594	776
0.8	138.343	10.0775	1305
1.5	145.971	10.5802	323
4.5	184.719	11.9086	321
4	179.41	13.092	1223
1.8	150.538	11.6005	192
2.3	158.028	12.824	83
2.4	157.085	11.3869	227
2.6	159.119	10.8371	224
0.9	138.607	8.76203	59
0.5	135.401	10.7224	936
1.4	145.614	11.2742	1433
0.9	140.77	12.7594	245
1.3	143.945	10.6301	1420
4	179.356	13.5102	212
1.6	147.029	10.5808	326
0.9	140.328	11.7098	29
1.8	150.535	11.5891	845
2.3	157.267	11.8717	949
4.1	180.526	13.2405	244
2.7	160.219	11.0011	332
0.3	133.386	11.3363	79
0.2	132.247	11.2683	5
0.6	136.986	11.7461	468
1	142.073	13.0329	336
4.2	181.826	12.9993	343
4.2	181.618	12.4221	301
1.8	150.542	11.6195	192
1.1	143.418	12.5337	1219
2.5	159.802	12.0696	1304
4.3	182.857	12.4055	301
2.3	157.12	12.5637	95
1.1	142.631	11.5292	311
1	140.116	9.85064	626
0.4	134.313	10.7095	17
4.4	184.086	12.2882	354
1.8	150.369	11.6377	148
2.6	158.951	11.157	1456
2.7	160.204	10.8463	332
2.7	159.963	10.1193	361
4.1	180.849	14.3952	328
1.4	145.625	11.2875	1433
2.8	160.952	9.88227	363
1.1	143.383	12.3674	79
1.2	141.381	9.38965	268
1.7	148.084	10.5098	240
4.2	182.283	13.8328	212
2.3	157.341	12.2057	303
1.5	146.734	11.087	365
1	141.494	11.6573	340
1.1	143.359	12.3416	79
2.4	158.55	12.8291	342
0.8	137.771	9.55649	511
4	179.162	13.1806	295
1.8	149.118	10.3426	369
1.2	144.585	12.5225	776
0.4	134.398	10.9955	0
1.5	146.948	11.5802	67
1.1	143.362	12.345	79
1	140.19	9.84807	769
3	166.331	13.2966	256
4.3	183.666	13.8251	370
2.3	157.166	12.6139	95
2.3	157.137	12.5824	95
0.8	137.892	9.72534	1
0.5	135.107	10.0652	511
2.3	158.014	12.8993	1582
0.1	131.108	11.0794	0
1.5	146.686	10.8712	275
2.7	162.22	12.6553	185
1.2	144.805	12.7671	1489
2.9	161.926	9.81155	363
1.1	140.459	9.37321	1002
1.2	143.784	11.5253	356
3.6	173.726	12.5702	169
4.4	185.035	13.6875	385
4.6	185.886	11.6688	327
0.9	140.265	11.4476	254
3.4	171.279	12.8606	766
1.1	141.112	9.74294	769
1.1	140.433	9.34806	1002
2.5	158.223	11.3849	331
2.4	158.33	11.5472	241
1.7	148.088	10.591	339
1.5	146.715	11.0101	335
2.7	160.015	10.5276	318
2.4	157.101	11.4275	227
4.2	181.861	13.3473	343
1.4	144.537	10.0509	296
1.4	145.023	10.6299	614
0.1	131.124	11.2389	0
2.5	159.496	11.6012	504
2.3	158.023	12.9152	1582
1.2	142.085	9.66554	1305
1.1	143.371	12.3541	79
2.8	161.339	10.6575	995
0.6	136.204	10.2456	64
4.2	180.987	12.1343	402
1	141.925	12.2631	776
1.3	144.57	11.3683	237
0.7	137.325	10.3887	1398
4.5	185.343	12.5711	359
2	153.661	11.774	233
1.2	143.96	11.6226	347
2.9	162.502	11.628	419
4.6	186.589	13.0391	619
1.7	149.359	11.5582	722
2	152.595	11.45	239
4.5	184.748	12.2013	309
1	139.372	9.21196	511
0.5	135.175	10.2263	1
1.6	147.811	10.9643	408
0.7	136.908	9.71189	511
3	163.653	11.5116	428
1.8	149.164	10.5582	240
1.9	150.141	10.4662	521
2.4	158.554	12.0116	1304
2.9	162.468	11.29	419
4.6	185.972	12.2346	432
1.5	145.523	10.148	160
1.3	145.114	11.7502	480
2.4	159.361	13.3824	416
1.3	142.322	8.93405	434
2.6	160.96	12.7525	133
0.7	137.097	9.89534	42
2.8	161.28	10.7599	362
4.7	187.216	12.4418	442
1	139.89	9.66789	85
2.8	161.322	11.0306	344
1.6	148.937	12.0963	51
2.9	162.451	11.1189	419
0.5	135.097	10.039	511
4.3	183.127	13.2074	295
2.5	159.459	11.2921	406
3	163.713	11.1652	1200
2.3	157.259	11.8595	949
1.3	144.562	11.3058	138
2.4	159.408	13.8499	416
2.8	161.082	9.5417	99
1.3	145.364	12.1367	1381
4.4	185.058	13.9167	385
2.9	162.001	9.18799	462
1.4	144.909	10.5062	1420
1.2	144.641	12.5931	776
0.1	131.113	11.1322	0
1.2	144.797	12.7421	1489
0.5	135.744	11.6402	79
4.6	186.625	11.9986	349
1.4	144.917	10.5161	1420
0.9	138.667	9.08007	1494
4.7	187.03	11.4391	400
2.1	153.746	11.4874	677
0.9	139.172	9.91842	626
3	162.898	9.78309	1588
1.1	140.207	8.34536	433
1.3	143.058	9.72998	417
0.4	134.539	11.4377	10
0.2	132.219	11.1058	391
0.5	135.565	11.0716	26
4.7	187.181	12.0914	442
1.1	142.636	11.6139	48
4.8	188.476	12.5996	450
4.3	182.866	12.9144	228
1.2	144.807	12.7754	1489
3.1	163.771	8.72518	477
1.2	144.108	11.8946	88
3.1	164.931	12.181	458
3.2	164.656	9.49854	1588
0.6	136.91	11.6556	470
1.1	141.187	9.77848	1305
3.2	166.128	11.8186	344
2.5	160.795	13.1362	288
4.9	189.75	11.3208	349
2.9	162.016	9.33789	462
0.5	135.493	10.9828	631
5	190.861	11.6495	301
1.5	147.86	12.1655	1081
2.5	157.992	10.4117	1024
1.1	141.193	9.78968	1305
3.3	167.32	11.3723	331
1.6	149.055	12.1346	1081
1.6	147.744	10.6509	335
1.3	146.082	12.8118	612
0.6	136.677	11.1773	96
1.3	142.335	8.94992	434
1.2	144.763	12.6316	10
3	163.558	11.7391	1264
0.1	131.081	10.8129	0
1.9	150.243	10.7903	438
1.2	144.811	12.7883	1489
1.1	140.835	9.74617	567
2.5	160.817	13.1638	288
5	190.873	11.2247	496
1.9	150.131	10.446	521
2.6	162.14	13.2252	515
4.7	187.843	12.5341	429
2.4	156.985	11.4232	1487
1.4	144.908	10.5045	1420
1.3	144.527	11.2475	150
0.8	137.871	9.6946	1
2.8	160.973	11.3992	1264
2.5	160.804	13.1476	288
1.6	146.548	10.0646	1334
1.2	144.776	12.6454	10
4.8	188.385	12.0409	483
0.7	137.015	9.88373	1
2.5	160.774	13.1098	288
1.4	146.291	11.7691	444
0.5	135.497	10.9935	0
1.4	147.354	12.7184	506
1.4	145.024	10.6317	614
3.1	164.655	11.1095	452
4.4	184.457	13.3032	456
0.7	136.86	9.63121	511
0.3	133.299	10.995	0
3.4	168.448	11.3607	405
3.2	165.76	11.0477	535
2.7	160.239	12.7634	318
0.9	139.616	10.6172	936
1.7	147.573	9.99579	1244
1.4	147.373	12.9089	506
0.6	136.029	9.8948	511
3.3	166.836	10.7653	540
1.9	150.146	10.4765	521
2.4	157.003	11.3673	277
3.5	169.559	11.3312	1571
0.6	136.193	10.2127	1386
1.2	144.774	12.643	10
3.3	167.306	11.3535	405
0.4	134.532	11.3671	10
2.8	161.517	11.2185	1200
3.5	169.586	11.384	539
1.5	148.673	12.9985	544
0.2	132.286	11.617	414
0.9	140.758	12.2716	10
4.5	186.406	13.709	399
1.7	148.791	11.3071	1544
1.1	141.481	10.3869	53
0.8	139.357	12.0225	18
4.2	182.32	14.7101	364
1.3	146.127	13.2221	394
0.5	135.703	11.5484	18
3.6	170.755	11.69	555
0.1	131.089	10.8915	0
2	152.604	11.4618	239
3.7	171.951	11.614	1095
3.2	164.639	9.47485	1588
4.7	187.829	12.0399	471
3.6	170.638	11.2388	1039
3.1	163.874	9.75671	477
0.4	134.371	10.9311	141
1.8	149.84	10.4881	560
2.9	162.004	10.3135	524
3	162.902	9.79175	1588
1.2	142.523	10.2907	1280
4.5	185.772	13.1503	536
1.6	149.993	13.2059	556
3	162.91	9.80765	1588
1.7	151.328	13.3447	580
4.8	189.117	12.4604	1474
1.9	150.225	10.611	438
4.8	188.153	11.2229	474
4.5	186.481	14.2355	464
1.9	151.534	11.5056	1508
4.9	189.592	12.0672	528
3.7	171.733	10.7863	914
3.8	172.857	11.1996	1442
4.2	180.999	12.1503	402
3.8	172.884	11.5036	589
4.5	185.809	13.5156	536
2.5	160.781	13.1188	288
0.3	133.459	11.7314	557
2.7	163.476	13.3606	518
3.2	164.608	9.45194	501
1.1	142.636	11.6127	48
1.1	143.385	12.4872	10
1	141.408	11.4294	401
1.4	145.704	11.2402	239
0.7	136.999	9.85714	1
4.9	190.419	13.0125	583
1.8	148.609	10.3613	543
4.7	187.203	12.3149	442
1.3	146.063	12.659	469
3.7	171.711	11.4255	458
1	141.31	11.3794	96
4.3	182.864	12.9121	228
0.8	138.093	9.9177	243
3.7	171.692	11.3992	458
1.2	144.801	12.7543	1489
4.3	183.825	15.0483	563
0.6	136.519	10.8314	123
1.1	140.854	9.76488	567
2.8	164.827	13.5143	596
4.7	187.826	12.0055	471
1.6	148.111	11.4884	95
3.8	176.158	12.5446	253
2.6	158.979	11.1873	1456
3.9	174.049	11.2709	1129
4.3	182.321	12.2563	1540
1.4	147.327	12.634	606
2.7	160.234	12.5498	620
4.8	189.089	12.4255	1474
0.3	133.221	10.6573	567
1.6	149.979	13.0667	556
1.8	149.819	10.3493	978
0.3	133.169	10.4389	511
5	191.748	12.8481	1084
0.1	131.1	10.9975	0
3.8	172.829	11.367	611
3.4	167.875	10.9588	362
1.7	149.375	11.5865	845
0.8	139.408	12.0242	156
2.8	164.808	13.3206	596
1.2	144.805	12.7684	1489
2.5	160.835	13.8405	174
1.3	143.565	10.2694	75
0.9	139.36	10.3343	1398
4.9	189.732	11.2944	349
3.7	171.679	11.3795	458
0.4	134.216	10.4327	1386
2.9	166.201	13.626	596
4.6	187.19	13.3517	295
3.7	171.729	11.4514	458
1.2	144.607	12.5503	776
1.9	152.52	12.2559	93
1.8	149.13	10.4621	369
2.9	166.123	13.1483	636
2.6	162.215	13.2542	288
1.9	151.697	11.6124	1085
1.2	144.803	12.7607	1489
0.7	137.797	11.16	11
1.6	148.195	11.8319	60
3.3	165.606	9.50015	491
0.7	137.605	10.8627	614
1.1	140.843	9.7543	567
1.1	142.81	11.8052	50
1.6	149.973	13.0036	556
0.8	138.141	10.0739	567
3.7	171.912	11.5687	566
4	175.229	11.2983	503
0.4	134.285	10.6423	626
3.8	173.196	11.5152	1359
4.4	185.353	15.2837	613
1.5	148.633	13.1336	1215
2.6	160.668	11.7229	415
2.9	161.97	9.90984	1588
4.6	187.763	13.5695	559
1	139.489	9.03201	1429
2	151.321	10.4954	534
0.3	133.429	11.4364	557
3.9	174.423	12.2673	665
3.2	164.613	9.45925	501
0.3	133.458	11.7198	557
2	152.597	11.4523	239
0.7	137.801	11.1896	96
1.2	144.78	12.6499	10
0.4	134.651	11.9186	595
1.2	142.1	9.68641	1305
4.1	176.376	11.3201	503
1.9	149.651	9.6243	314
4.3	183.787	14.6652	563
2.8	163.46	12.3947	393
3.4	167.884	10.9722	362
4.9	189.749	11.3184	349
2.8	161.527	11.2319	1200
2.8	161.505	11.2005	1200
4.2	177.496	11.307	503
3	162.969	9.99038	669
4.3	178.605	11.2854	503
3	167.444	13.512	756
0.4	134.627	11.6909	676
4.9	189.736	11.2999	349
1.4	145.026	10.6345	614
0.5	135.89	12.3904	680
3	163.038	10.3442	576
1	140.373	10.1313	640
1.9	149.629	9.5886	314
1.8	152.686	13.577	582
2.7	160.225	12.4631	620
2.8	161.31	10.9139	344
3.2	164.847	9.73417	573
0.9	139.364	10.34	1398
1.9	150.884	10.4423	575
2.4	159.262	12.6771	187
2.6	159.085	10.7991	224
1.8	148.584	10.0381	639
4.7	188.515	13.2445	645
1.2	144.765	12.6332	10
4.1	180.695	13.3973	338
0.4	134.277	10.6066	103
3.3	165.816	9.68505	704
0.8	138.001	9.8787	1386
1.4	143.204	8.89825	1026
0.6	136.666	11.1287	11
3.2	164.655	9.4974	1588
3.4	167.872	10.9555	362
3.1	164.072	10.3349	698
3.2	165.133	10.6075	720
1.6	148.203	11.5604	845
0.5	135.398	10.7579	53
5	190.862	11.2952	641
1.1	140.194	9.11093	1063
1.9	154.087	14.0111	701
3.6	170.672	11.283	1129
4	175.245	11.3221	503
2	153.742	11.9963	949
4.4	179.743	11.2957	539
3.2	164.66	9.50499	1588
3.4	167.892	10.5534	546
3	167.567	13.6627	644
1.3	145.902	12.8612	558
2	152.86	11.6176	1085
3.2	164.646	9.48566	1588
3.2	164.621	9.46954	501
4.9	190.445	13.5539	625
2.1	152.363	10.4132	672
4.7	189.102	13.998	940
4.7	188.53	13.3965	645
2.8	161.49	12.5612	624
1	139.867	9.63991	85
3.1	163.981	10.1128	691
3.9	177.879	13.0982	1205
2.6	162.076	13.0179	530
1.3	141.852	8.70252	34
1.5	147.463	11.7186	531
1.9	149.659	9.63778	314
5	191.706	12.8749	603
0.9	140.606	11.9823	635
1.8	152.66	13.3182	582
2.7	161.869	12.0073	668
2.4	157.021	11.4682	1487
2.7	162.238	12.7827	447
2.3	157.986	12.8497	106
0.9	138.645	9.45301	1063
4.3	182.312	12.243	1540
1	139.566	9.42367	1
1.9	154.044	13.5884	701
4.5	180.851	11.2634	820
0.9	138.688	9.50574	1063
4.8	190.439	13.3698	740
0.5	135.422	10.8212	305
0.5	135.115	10.085	511
2.7	162.277	12.8319	136
2	155.472	13.4981	544
1.9	154.06	13.749	701
0.5	135.266	10.4425	567
2.2	156.591	12.6231	286
5	190.801	12.0978	588
1.2	144.802	12.758	1489
3.2	164.995	10.1411	744
4.9	189.739	11.3041	349
1.2	144.798	12.7441	1489
0.4	134.567	11.5115	468
4.7	187.889	12.4854	1474
0.6	137.146	12.567	697
0.9	138.855	9.71094	1386
1.5	148.622	13.1166	1215
0.2	132.176	10.8384	1398
4.6	181.94	11.2011	820
0.9	140.61	12.0223	635
1.2	141.805	9.53849	626
4.5	186.915	15.6117	666
0.5	135.205	10.298	1386
4.6	188.478	15.6364	785
1.4	144.041	9.82641	479
1	139.562	9.41958	1
5	191.812	12.3515	712
3.2	164.649	9.48935	1588
1.5	148.589	13.0118	599
0.8	139.439	12.1526	843
2.4	159.267	12.732	187
2	151.328	10.5024	696
2.5	159.477	11.43	159
2.9	162.738	11.4344	754
0.3	133.329	11.1067	481
1.3	146.02	12.5672	509
4.7	183.078	11.2277	820
5	191.816	12.3564	712
3.3	166.202	10.1187	332
3.1	168.955	13.8801	733
4.8	184.2	11.1934	728
4.8	189.865	13.3518	741
1.9	149.66	9.63921	314
4.6	187.887	14.0579	586
3.4	166.773	9.57539	714
2	155.482	13.5147	544
3.5	168.928	10.9126	1197
2.9	162.345	10.6517	449
2.7	160.212	10.9296	332
4.7	190.071	15.9333	787
1.4	143.231	8.92826	1026
1.3	145.903	12.6218	467
3.8	173.142	11.907	569
3.5	168.932	10.9182	1197
2.8	163.073	12.0343	753
2	151.327	10.5006	696
4	175.219	11.2856	539
2	154.035	12.581	832
2	151.285	10.4313	696
3.2	165.11	10.3846	720
2.7	161.847	11.7867	668
3.1	168.802	13.5776	693
1.6	148.111	11.5286	828
4.9	191.205	13.3941	805
1.2	143.5	11.3813	1448
2.2	156.581	12.5272	286
2.5	160.526	12.9606	1569
0.2	132.216	11.0763	391
1.7	150.261	12.3067	489
2	155.441	13.8024	768
4.8	191.687	16.1511	813
2.7	163.381	13.1342	106
4.4	185.339	15.143	613
3.2	164.639	9.47551	1588
1.3	145.838	12.5378	379
0.9	138.73	9.55656	1
4.9	185.269	11.1565	663
4.4	185.243	14.5662	684
0.8	138.378	10.4084	1398
0.5	135.793	11.6988	468
1.2	144.064	11.759	51
1.1	142.423	11.3518	96
4.9	191.771	14.1578	411
1	141.583	11.6831	492
4.5	186.706	14.6231	841
1.3	141.903	8.73435	40
3.7	171.925	11.6997	566
3	166.206	12.1268	1149
1.4	143.239	8.93721	1026
1.9	149.654	9.62975	314
2.3	157.855	12.6453	770
4.7	189.129	14.0436	940
3.5	168.94	10.93	1197
4.8	189.188	12.8795	1084
1.4	147.16	12.5712	815
0.8	137.695	9.44879	511
3.1	163.967	9.97752	691
1.9	149.598	10.1454	709
1.2	144.59	12.5531	18
2.9	164.287	12.0605	668
3.1	168.94	13.7228	733
5	186.365	11.1365	663
1.4	147.083	12.4489	838
1.4	144.023	9.6439	479
0.8	137.69	9.4411	511
3.9	177.411	12.5293	619
2	155.516	13.6358	1060
0.6	137.129	12.3925	697
3.6	170.012	10.8429	810
1.3	144.555	11.2701	1362
3.4	168.432	11.3437	405
4.6	187.081	13.0882	579
1.5	146.091	10.6451	696
0.6	136.473	10.721	936
4	175.656	11.9852	1288
3.5	167.732	9.5853	808
3.9	174.458	12.6132	665
3.2	164.649	9.48871	1588
2.1	154.034	11.6486	1085
3.9	177.884	13.1277	204
4	178.559	11.9621	261
3.9	174.433	12.3693	665
3	163.883	11.4499	797
3.7	171.092	10.8926	1197
2.1	156.829	13.8847	833
4.1	176.858	12.0124	878
3.2	164.621	9.47009	501
4.1	176.346	11.2827	503
2.4	159.124	12.6882	854
0.9	140.556	11.9909	562
3.3	165.615	9.55059	731
1.6	149.89	13.0051	792
2.4	158.561	12.0219	1304
3.2	170.301	13.6174	864
4.1	176.901	12.0517	1288
1.4	143.212	8.90739	1026
3.2	164.618	9.46623	501
1.1	140.832	9.7426	567
4.7	187.193	12.2135	442
4.2	178.161	12.1191	1288
5	191.796	12.3342	712
3	163.592	11.7769	1264
1	141.924	12.2946	18
3.3	166.158	10.1054	708
4.9	193.34	16.5357	834
4.9	193.291	16.0416	834
3.7	171.71	11.4246	458
2.1	156.992	13.7807	1300
5	191.72	13.0145	603
1.7	147.574	9.99695	1244
3.6	170.655	11.2615	973
4.8	189.099	12.437	1474
4.5	186.854	15.1436	836
1.5	144.987	9.64723	867
1.5	145.023	9.54306	325
2.5	159.622	12.6925	256
1.5	148.622	13.1166	1215
3.3	166.157	10.103	708
0.5	135.839	11.8809	680
0.9	138.64	9.44579	1063
1.5	148.589	13.0099	599
2.2	158.369	14.0827	582
1.2	142.183	9.89314	502
3.2	164.602	9.44315	501
4.8	190.496	13.6629	855
1	139.686	9.55584	1386
0.8	137.879	9.70671	1
1.2	144.777	12.6465	10
0.3	133.247	10.777	1398
3	167.427	13.4883	756
0.7	138.421	12.7424	778
4.6	187.919	14.3747	586
0.2	132.184	10.8962	53
1.2	141.032	8.73435	1070
4.7	190.027	15.4927	787
3.8	172.811	11.3231	642
4.1	180.703	13.5046	212
1.3	145.32	12.0741	1381
1.9	153.974	13.1412	752
1.3	142.322	8.9344	434
3.2	164.648	9.48727	1588
4.9	190.394	12.7627	583
3.8	172.82	11.3839	458
2.6	162.12	13.1603	525
0.9	139.157	10.0843	567
1.7	150.144	12.0702	453
1.9	149.648	9.6199	314
4.9	191.781	13.4222	763
2	151.168	10.3714	517
1.8	145.967	8.23766	80
2	151.932	10.485	706
1.1	142.448	11.3801	96
0.8	137.838	9.64999	1063
2.8	161.319	11.0045	344
4.6	188.368	15.1413	916
4.7	189.359	14.4048	935
2.1	152.979	10.4669	954
3	167.56	13.59	644
0.8	138.086	9.8482	243
3.3	166.214	10.1355	332
1.2	141.367	9.33447	404
0.6	136.586	10.9769	0
4.7	190.046	15.6765	787
3.2	170.379	14.2402	803
3	167.448	13.5174	756
2.1	156.836	13.543	809
2.2	158.178	13.5791	556
4.2	178.137	12.0893	1288
0.8	139.707	12.8631	934
3.2	166.15	11.3241	405
2.1	156.947	13.7311	1300
1.2	142.851	10.577	1420
3.4	167.171	10.032	995
4.2	177.519	11.333	503
1.6	147.749	10.6797	335
4.7	189.851	14.8297	958
2	151.188	10.471	439
2.2	158.32	13.6836	544
3.8	172.153	10.7045	872
2.3	159.69	13.7059	981
2.1	156.956	13.7411	1300
4.6	185.898	11.7885	327
4.5	186.893	15.4002	666
3.3	166.153	10.0981	708
0.8	137.835	9.64564	1063
3	165.473	13.2115	1577
3	165.494	13.2467	1577
5	192.552	13.4731	827
5	193.142	13.6029	951
4.9	190.454	13.6515	625
1.3	142.319	8.9296	434
2.5	158.142	10.9708	224
3.2	170.32	13.8034	864
3.4	167.213	10.0785	995
4.2	182.282	14.332	364
3	167.447	13.5158	756
5	194.879	15.6663	313
4.3	179.365	12.2841	971
0.1	131.085	10.8535	0
0.8	138.7	10.8454	141
1.2	144.794	12.6657	10
4.1	179.753	13.2209	1548
3.3	171.837	13.8284	530
3.3	171.79	14.1023	967
3	163.404	10.5239	995
2.3	157.32	11.9601	949
3.5	168.988	11.0395	686
5	191.779	12.9101	1084
4.9	189.736	11.2997	349
2.7	163.37	12.9423	746
4.8	190.543	14.1378	855
0.7	137.519	10.6696	936
3.9	173.193	10.3992	982
3.6	168.679	9.46967	879
4	174.228	10.5859	540
1.4	145.681	11.2549	873
0.7	137.232	10.2381	567
0.3	133.135	10.0846	2
0.8	137.701	9.45709	511
0.7	138.394	12.479	680
1.6	148.621	11.5894	748
4.4	180.582	12.1722	1001
0.5	135.196	10.2736	1386
2.1	156.98	13.7678	1300
1.9	149.642	9.60914	314
2.1	156.813	13.7671	1546
1.2	142.174	9.87813	493
3.1	164.465	10.6057	1008
1.9	149.643	9.61143	314
1.4	145.803	11.4316	678
1.6	146.541	10.0452	1334
0.8	139.689	12.2486	104
2.1	156.943	13.7259	1300
3.4	167.171	10.0322	995
0.3	133.309	11.0406	134
3.2	166.142	11.3133	405
2.1	152.205	10.4241	521
4.8	190.801	14.3069	338
2.4	161.051	13.9278	1121
3.7	169.583	9.04307	1017
5	194.891	15.6783	313
1.5	148.585	13.0014	599
1	141.806	11.9969	751
1.3	142.296	9.2899	964
4.5	180.882	11.3902	730
5	191.773	12.8992	1084
1	140.449	10.3943	53
4.1	175.301	10.5776	872
3.8	173.076	11.6357	662
3.3	171.853	14.1292	644
4.2	181.63	12.9835	228
1.3	143.573	10.2589	305
4.6	188.428	15.3421	986
2	151.294	10.4453	696
3.1	163.898	9.87915	581
3.1	166.667	11.7285	990
1.2	144.607	12.5503	776
1.1	140.64	9.55414	1386
2.3	159.539	13.6128	970
0.1	131.083	10.8304	0
0.9	140.564	12.0682	562
3.5	168.158	9.86816	976
2.6	162.239	13.2804	288
2.1	154.022	11.6158	735
1.7	149.788	11.6268	748
3.3	171.833	13.8235	530
0.3	133.171	10.4489	511
4	174.235	10.5576	872
5	191.796	12.3337	712
1	139.49	9.03354	1429
4.2	178.051	11.9359	889
1.8	150.95	11.6216	1068
2.2	158.148	13.8971	1263
5	191.787	12.9274	1084
2.2	156.656	12.6975	173
5	195.021	16.8118	908
1.5	148.33	12.8193	562
0.9	140.561	12.0415	562
0.5	135.347	10.638	1398
3.3	165.613	9.53106	731
4.5	185.324	12.8537	250
1.7	149.375	11.5658	192
3	165.488	13.237	1577
2.6	161.826	13.002	830
1.2	141.1	9.06024	725
1.7	147.579	10.0023	1244
4.9	190.422	13.3316	625
5	194.974	15.7613	313
2	150.612	10.1395	861
0.8	137.982	9.85107	1386
3.8	172.178	10.861	887
2.9	162.66	11.2448	1200
1.9	152.102	11.832	484
0.9	138.808	9.65282	1002
0.4	134.101	9.65846	1021
0.6	136.477	10.7951	723
2.8	164.69	13.0891	835
4.9	192.233	14.3502	464
4.8	191.334	15.1517	313
4.2	176.343	10.4241	1051
1.2	144.76	12.6284	10
2.9	162.739	12.4962	742
4.4	185.334	15.09	613
2.1	152.381	10.5305	795
5	194.982	15.7693	313
1	139.593	9.45254	1002
0.6	136.243	10.3079	567
3	163.037	10.3275	576
2	155.291	13.1717	942
4.2	181.851	13.2506	343
3.9	173.944	11.3285	939
3.9	174.33	11.495	1359
4	174.184	10.5301	540
2.7	163.135	13.0823	1087
4.8	188.437	12.3411	605
4.3	179.231	11.8018	1074
2.3	159.534	13.5533	970
2	155.48	13.5113	544
0.5	135.796	11.7033	104
2.1	152.181	10.3904	521
4.2	178.149	12.104	1288
3.3	166.153	10.0976	708
0.7	137.691	10.9876	0
2.2	153.438	10.5141	696
2.5	160.399	12.7515	892
3.2	166.159	11.3372	405
1.7	149.371	11.5812	845
3.5	168.936	10.9239	1197
1.5	145.035	9.56045	325
5	193.68	14.4717	1101
2.3	154.489	10.5098	1127
1.1	142.767	11.7143	492
2.4	158.454	12.7846	381
2.7	160.181	10.7521	307
3.2	168.997	13.3396	136
0.6	136.67	11.1365	11
1	141.804	11.977	751
1	139.51	9.36158	1
1.9	152.522	12.2819	93
2.1	152.33	10.4333	696
3.4	173.269	14.1652	1053
0.8	138.086	9.89268	448
0.9	140.739	12.2404	10
4	175.721	12.6323	880
2.5	159.848	12.1271	1304
2.1	155.292	12.4277	273
0.6	136.014	9.86542	511
4.8	191.342	15.1622	313
0.8	139.699	12.7824	934
5	191.791	12.9352	1084
4.4	183.589	12.6805	622
2.3	159.809	14.3978	925
3.9	173.282	11.0362	1094
2.4	156.974	11.4096	1487
1.3	142.767	9.61465	784
3.5	168.942	10.9332	1197
5	191.762	12.8754	1084
3.8	170.442	9.65475	894
4.2	182.05	13.4996	212
1.5	145.025	9.54633	325
2.5	159.838	12.1154	1304
4.6	188.167	14.6156	848
2.6	159.365	11.4036	331
0.9	140.981	12.3329	104
0.4	134.147	10.1254	1021
3.4	173.207	13.7362	1069
2.1	151.632	10.1988	1092
1.3	143.16	9.73438	82
0.6	136.668	11.1325	11
2.4	161.238	14.2915	1155
3.8	172.813	11.3757	458
1	139.477	9.01402	1429
1	141.928	12.3	18
0.6	136.898	11.7517	18
3.3	166.186	10.0955	332
4.5	181.79	12.0785	1025
3.1	168.773	13.4581	933
2.5	160.561	12.843	255
4.8	191.664	15.9263	813
0.9	140.269	11.4916	254
2.2	155.197	11.6263	882
1.4	143.222	9.2587	1047
4.2	176.37	10.5553	887
4.5	186.697	14.5345	841
3.3	167.304	11.3515	405
2.2	153.207	10.2565	1123
0.4	134.279	10.6248	103
2.5	159.76	12.0579	440
1.1	142.488	11.4246	96
2.8	164.664	13.3366	286
2.8	161.065	9.52319	99
4.7	188.393	13.1126	875
4	174.394	10.9315	810
2.8	161.289	10.8551	362
3.4	166.785	9.69429	714
0.7	138.406	12.5986	778
2.1	153.664	11.3432	227
1.3	141.949	8.64017	16
2.4	161.056	14.0375	833
4.6	188.136	14.3941	1187
1.2	141.592	9.51637	1061
3.1	167.401	12.9067	755
1.1	142.633	11.599	48
1	140.167	10.1046	948
4	175.494	11.6379	1115
4	174.202	10.5525	540
3.2	170.118	13.5376	1569
4.9	189.24	11.8461	1267
0.8	138.373	10.4007	1398
1.2	141.015	8.71823	629
5	190.295	10.8461	350
0.9	140.752	12.2625	10
1.6	149.602	12.7227	1080
4.8	189.832	13.3016	1113
0.9	138.769	9.60417	1002
0.9	140.911	12.2471	468
5	191.741	12.8424	777
3.1	164.446	10.4223	1008
1.2	141.805	9.53814	626
3.1	167.627	13.1316	221
3.3	167.319	11.3719	331
1.5	143.352	8.14635	149
3.8	170.471	9.71266	894
4.6	181.982	11.2274	728
0.5	135.26	10.4262	567
1.9	149.66	9.63893	314
4.7	187.044	11.5794	400
2.8	161.53	11.237	1200
2	151.334	10.5134	696
5	191.798	12.3361	712
2.7	163.466	13.2635	518
1.3	142.001	9.01318	1088
1.1	142.659	11.6011	480
0.6	136.02	9.87825	511
5	193.173	14.1405	411
2.4	161.057	14.0404	833
4.9	189.678	12.4075	1118
4.3	179.397	12.1464	1288
0.4	134.223	10.4568	1386
0.9	139.148	10.0733	567
0.8	138.577	10.6025	132
2	151.925	10.4149	706
3.5	168.932	10.9185	1197
4.6	182.023	11.2939	682
4.4	180.417	11.8524	1119
0.8	137.664	8.34204	283
2.8	163.069	11.7621	233
1.4	144.031	9.72848	479
0.9	138.45	7.85884	1249
3.5	174.707	14.3761	1144
2.9	166.003	13.3868	1193
1.9	149.646	9.61547	314
4.4	180.646	12.4875	1241
2.1	151.62	10.0789	1092
2	152.566	11.416	206
2.1	152.393	10.5812	1232
2.4	161.29	14.8091	1155
3.3	166.191	10.1026	332
1	140.387	10.3767	1354
1.5	148.42	12.9849	1176
2.1	152.993	10.6065	954
4.3	177.424	10.5375	1186
1.5	148.629	12.9359	347
4.2	180.948	12.1967	200
4.2	180.927	11.7351	1005
4.1	175.473	10.7904	1196
2.9	162.114	11.4111	524
2.3	154.232	10.2049	649
0.9	141.043	12.4101	104
5	194.99	16.4963	908
2.5	162.786	14.9617	1260
1.5	148.33	12.7024	1177
1.8	150.54	11.6077	192
0.3	133.31	11.0428	134
1	139.222	9.04571	511
1.8	148.578	9.94198	199
0.3	133.262	10.8359	53
3.3	166.197	10.1114	332
1.7	150.873	13.0084	1525
1	139.238	9.06347	511
2.5	162.458	14.0258	1202
1.5	145.006	9.51853	325
1.6	145.958	9.51877	325
1.1	140.225	8.8225	1429
3.4	168.465	11.3803	1571
4.6	182.979	11.889	1179
4.6	182.052	11.3326	977
4.9	192.85	15.1607	1102
2.8	161.528	11.2342	1200
2.6	164.294	15.0794	1274
5	190.927	12.4923	1240
1.2	141.837	9.5734	626
1.3	143.173	9.93003	1595
2.5	159.768	12.1373	440
2.4	155.233	10.172	649
1.3	145.239	11.7434	844
1.2	144.589	12.552	18
3.3	171.662	13.6036	518
2.7	165.847	15.5325	1293
1.9	149.568	9.8976	1279
1.7	150.146	12.0941	453
0.5	135.319	10.4387	222
2.7	165.81	15.1643	1293
2.8	167.34	14.9506	925
0.9	138.477	9.24478	511
3.8	173.068	11.5582	662
3.3	166.87	11.1021	540
3.6	176.168	14.6054	1253
3	166.233	13.0979	133
1	141.816	12.0577	783
1.1	143.145	12.2267	324
3.8	170.443	9.65562	894
0.8	139.417	11.9418	79
2.8	167.325	14.9261	925
0.9	138.497	9.27023	511
2.8	167.415	15.4293	1274
0.8	137.696	9.45005	511
2.8	167.339	14.9499	925
3.6	176.147	14.4028	1253
0.9	141.025	12.3876	104
1.2	143.791	11.579	1206
4.6	188.436	15.4228	986
2.4	161.271	14.6219	1155
1.3	142.319	8.92408	64
0.9	138.475	9.24211	511
2.6	162.222	13.2621	288
4.6	188.148	14.5137	1187
0.7	136.863	9.63537	511
3.7	177.636	14.6876	1311
0.6	136.368	10.5515	1398
1.2	142.523	10.2899	1280
2.1	156.616	13.6044	1514
2.9	168.989	15.1705	925
1.1	141.179	9.76607	1305
0.9	139.782	10.8197	1003
1.3	143.18	9.76724	82
1	142.135	12.2466	468
4.7	189.604	14.5619	1330
2.3	154.233	10.2072	649
3.8	170.444	9.65767	894
0.9	138.471	9.23773	511
4.7	183.21	11.5802	1290
4.1	176.988	12.6679	1147
1.4	146.522	12.0735	489
2.2	157.955	13.2384	752
5	193.121	14.6239	593
1.9	149.572	9.93918	1279
1.2	143.777	11.4585	356
0.8	139.672	12.2242	104
3.3	166.16	10.1073	708
0.6	136.236	10.3082	786
2.1	152.234	10.4399	547
3.3	165.534	9.40452	289
2.9	168.816	14.9087	1317
1.4	147.485	12.9913	843
3	163.984	11.4648	282
2.8	167.326	14.9279	925
4.5	181.593	12.052	569
0.8	138.92	11.1697	134
5	193.125	13.4333	951
3	162.898	9.77377	289
0.8	138.251	10.1865	1020
1.7	151.274	13.0096	660
0.5	135.114	10.0823	511
2.3	159.275	13.2311	752
2.3	159.536	13.8792	1076
4.9	189.736	11.2996	349
4.9	191.96	13.8228	385
4.9	189.581	11.9578	528
1.6	149.614	12.8341	1080
4.4	180.601	12.2636	1124
1.3	142.302	9.3537	964
1.6	147.752	11.7029	1391
1.1	141.182	9.77056	1305
2.9	165.998	13.3548	756
2.9	169.006	15.9073	1319
1.2	141.818	9.55275	626
0.6	136.868	11.5204	391
3.4	173.228	13.9153	1006
5	194.375	15.2484	1291
3	165.513	13.2782	1577
1	141.963	12.2345	1146
0.1	131.086	10.8617	0
1.3	141.887	8.5491	937
1.4	147.165	12.6137	815
3	170.314	14.9785	1357
5	194.895	16.0418	909
0.8	138.389	10.6392	424
1.2	143.635	11.4695	1192
2.5	159.798	12.8943	165
2	152.69	11.5313	114
4.4	178.473	10.4963	1265
4.8	191.328	14.7697	979
4.8	184.377	11.5632	1174
0.1	131.092	10.921	0
2.6	163.882	14.1532	1042
1.4	146.408	11.6953	1299
2.9	162.407	10.6733	419
1.8	150.298	11.4405	237
3.4	173.265	14.1214	1053
3.2	166.156	11.3329	405
4.5	181.895	12.4383	1478
0.2	132.186	10.9375	1398
3.2	167.826	11.5918	1059
1.4	147.092	12.5332	838
4.6	183.135	12.4671	1124
1.1	143.159	12.3114	1176
3.4	173.199	14.0936	1007
1.8	148.58	9.94384	199
1.7	151.186	13.1933	1300
3.5	168.232	10.1915	997
3.5	168.952	10.9477	1197
2.4	158.369	12.5584	120
0.6	136.26	10.3422	567
3.3	170.333	13.3606	235
3.5	168.166	9.952	976
0.6	136.504	10.7952	123
2.5	162.443	13.921	1042
2.5	162.726	14.5242	925
2.7	160.18	10.7486	307
1.3	145.293	11.854	489
3.8	172.809	10.7572	589
3.2	170.167	13.6539	825
4.5	186.693	14.4979	841
4.7	189.575	14.3899	1203
0.3	133.167	10.428	511
3	170.585	15.2695	925
2.4	160.605	13.6382	1275
3.1	172.132	15.4676	1430
0.5	135.467	10.9607	574
4.1	176.66	11.5436	665
0.5	135.681	11.4334	391
2.2	153.371	10.412	1143
5	191.749	12.8505	1084
4.5	179.518	10.4432	1395
1	139.734	9.6083	1386
2.2	152.665	10.3226	1170
3	170.299	14.8345	1357
3.2	166.137	11.3054	405
1.8	151.495	12.3419	832
4.9	189.748	11.3168	349
4.2	178.285	12.9721	1346
4.9	185.543	11.6653	1397
4.2	178.25	12.6252	1346
0.6	136.671	11.1625	96
5	186.725	11.814	1446
1	140.452	10.3974	53
3.3	168.976	11.6073	990
4.2	178.059	12.0102	889
5	191.753	12.858	1084
4.6	183.161	12.5184	898
2.4	161.062	14.1106	888
1.7	148.91	10.9911	435
5	191.815	12.355	712
4.9	189.269	11.1667	585
3	170.597	15.2852	925
3.5	174.677	14.1237	1403
3.7	177.625	14.5716	1311
5	190.391	10.9652	350
4.8	191.013	14.5496	370
3.1	165.127	11.4311	1359
1.8	152.578	13.0224	660
0.9	139.786	10.8524	1003
0.9	141.036	12.4012	104
3.5	174.605	13.8504	518
5	191.746	12.8441	1084
2.3	159.776	14.0671	925
1	141.929	12.3024	18
2.2	153.216	10.3434	1123
4.6	180.581	10.6285	1438
4	179.149	13.0483	295
2.6	163.824	13.8143	1421
3.4	166.557	9.51432	656
3.8	179.073	14.4839	1461
4	175.675	12.0169	1288
2.7	163.533	13.1755	651
2.4	158.437	12.7658	381
1.7	148.817	10.6708	978
3.9	173.22	10.6731	982
5	191.794	12.3316	712
0.8	137.7	9.45579	511
3.7	177.575	14.2776	1322
2.3	157.237	11.6602	194
1.6	147.846	11.1222	372
2	150.57	9.93046	709
0.9	140.975	12.3247	104
1.4	145.009	10.6313	337
2.3	156.357	11.6564	735
1.1	143.162	12.3284	1471
2.9	166.004	13.3635	756
0.4	134.127	9.9193	1021
5	191.662	12.6797	945
0.5	135.056	9.55812	1098
2.5	162.737	14.6632	1326
4.6	183.006	12.521	1208
3.4	167.983	11.1314	1310
3	170.618	15.3114	925
3.4	166.781	9.65517	714
1.2	143.797	11.6066	598
4.3	183.21	13.292	244
1	140.864	10.8175	1338
3.2	173.71	15.7798	1432
3.3	166.201	10.1177	332
3.3	175.322	15.7504	1459
1.5	146.932	11.4066	717
0.9	141.007	12.3646	104
1.3	143.16	9.73329	82
3.1	171.826	15.1278	1389
5	190.384	11.7952	1267
4.9	189.746	11.3142	349
1.2	144.372	12.4568	1177
3.5	167.757	9.72119	1198
4.9	189.275	11.2251	585
4.8	189.099	12.4376	1474
2.7	165.2	14.0437	970
3.4	176.926	16.0392	1507
3.4	176.899	15.7624	1507
2.6	161.063	12.9904	386
0.9	139.072	9.97909	567
3.5	178.529	15.9856	1321
4.7	184.176	12.1968	889
1.2	144.369	12.4519	1177
3	170.598	15.2861	925
3.4	166.461	9.2646	1356
3.6	169.13	9.77568	1281
1.3	142.754	9.48734	1222
3.3	167.282	11.3239	405
4.8	189.041	12.3651	1474
3.5	172.563	12.9427	1564
3.5	174.609	13.8547	518
3	170.494	15.0537	1336
2.6	164.2	14.6266	1497
4.9	192.796	14.688	1396
1.9	152.102	11.8325	484
1.3	142.535	9.42656	1204
4.8	185.402	12.263	1524
3.6	173.742	12.7153	250
4.1	175.486	10.9212	1196
5	186.692	11.4843	1446
2.4	160.608	13.6422	1275
1	140.876	10.9041	1466
1.1	140.537	9.45124	1386
2	155.436	13.7571	768
2.9	162.011	9.45904	1194
3.2	167.854	11.8781	1059
4.3	179.518	12.2808	1288
5	194.27	14.7328	1536
1.8	152.168	12.9449	1282
4.9	191.767	14.1523	411
4.8	188.163	11.3314	474
1.4	144.163	9.76834	424
3.3	169.049	11.9468	1548
2.5	162.675	14.2968	984
3.6	169.249	9.88716	419
0.3	133.272	10.8804	936
3.1	163.878	9.80365	477
2.5	162.775	14.8469	1260
3.8	179.148	15.1126	1332
0.7	136.996	9.85348	1
0.6	136.899	11.7541	18
3.1	167.386	12.8689	755
4.3	179.526	12.2899	1288
3.5	174.609	13.8549	518
3.2	173.344	15.1762	1511
1.3	143.178	9.7639	82
2.3	157.934	12.7802	1078
3	167.439	13.5045	756
2.6	159.361	11.379	405
3.4	171.683	13.4955	1418
0.2	132.187	10.9444	1398
3.5	172.526	12.826	228
0.7	137.681	10.9734	0
1.2	143.799	11.6295	484
2.4	157.546	11.8868	1491
5	186.709	11.6566	1446
0.6	136.099	10.0296	1
3.4	170.117	11.7462	1250
4.3	179.602	13.1656	1445
1.7	150.274	12.3329	489
4.7	183.153	11.2675	977
4.1	176.665	11.563	665
4.5	184.862	12.4176	869
0.8	137.707	9.46574	511
4.6	180.533	10.1498	1438
2.5	158.007	10.4278	1024
0.9	139.428	10.3003	932
1.4	145.654	11.26	150
3.5	178.446	15.4711	1520
2.6	161.049	12.1073	1164
0.9	140.998	12.354	104
1.9	151.536	11.5293	114
1.1	141.187	10.0952	1398
1.1	140.146	9.06343	1063
2.4	160.608	13.642	1275
end_tree
moving_vehicle
-170	-5.625	1.57081
-158.826	-5.62471	1.56824
-147.106	-5.1674	1.47171
-134.052	-3.37006	1.42745
-121.053	-2.06269	1.52815
end_vehicle
moving_obstacle
obs_size	5
start
-100	1.875	-1.57
-110	1.88296	-1.57
-120	1.89093	-1.57
-130	1.89889	-1.57
-140	1.90685	-1.57
end
start
100	-1.875	1.57
120	-1.85907	1.57
140	-1.84315	1.57
160	-1.82722	1.57
180	-1.81129	1.57
end
start
-160	-5.625	1.57
-148	-5.61544	1.57
-136	-5.60589	1.57
-124	-5.59633	1.57
-112	-5.58678	1.57
end
start
-183	-1.875	1.57
-171	-1.86544	1.57
-159	-1.85589	1.57
-147	-1.84633	1.57
-135	-1.83678	1.57
end
start
-180	-5.625	1.57
-168	-5.61544	1.57
-156	-5.60589	1.57
-144	-5.59633	1.57
-132	-5.58678	1.57
end
end_obstacle
obstacle	0	obs3	-100	1.875	-1.57	10
obstacle	0	obs2	100	-1.875	1.57	20
obstacle	0	obs2	-160	-5.625	1.57	12
obstacle	0	obs2	-183	-1.875	1.57	12
obstacle	0	obs2	-180	-5.625	1.57	12
vehicle_state	0	-170	-5.625	1.57	11
