15.052	15.7341	16.4488	17.1919	17.96	18.75	19.5592	20.3854	21.2265	22.0808	22.9469	23.8236	24.7096	25.604	26	25	24	23	22	21	20	19	18	17	16	15	14	13	12	11	10	9	8	7	6	5	4	3	2	1	6.03961e-14	1	2	3	4	5	6	7	8	9	10	11	12	13	14	15	16	17	18	19	20	21	22	23	24	25	26	27	28	29	30	31	32	33	34	35	36	37	38	39	40	41	42	43	44	45	46	47	48	49	50	51	52	53	54	55	56	57	58	59	60	61	
16.0885	16.8178	17.5738	18.3532	19.1531	19.971	20.8048	21.6527	22.5131	23.3846	24.266	25.1563	26.0545	26.6763	25.7182	24.7634	23.8123	22.8654	21.9232	20.9863	20.0556	19.1318	18.2161	17.3097	16.4142	15.5315	14.6638	13.814	12.9856	12.1831	11.4	10.4	9.4	8.4	7.4	6.4	5.4	4.4	3.4	2.4	1.4	0.400001	0.600001	1.6	2.6	3.6	4.6	5.6	6.6	7.6	8.6	9.6	10.6	11.6	12.6	13.6	14.6	15.6	16.6	17.6	18.6	19.6	20.6	21.6	22.6	23.6	24.6	25.6	26.6	27.6	28.6	29.6	30.6	31.6	32.6	33.6	34.6	35.6	36.6	37.6	38.6	39.6	40.6	41.6	42.6	43.6	44.6	45.6	46.6	47.6	48.6	49.6	50.6	51.6	52.6	53.6	54.6	55.6	56.6	57.6	58.6	59.6	
17.1935	17.9615	18.7514	19.5606	20.3867	21.2277	22.082	22.9481	23.8247	24.7106	25.605	26.5069	26.293	25.3362	24.3829	23.4334	22.4883	21.5482	20.6137	19.6856	18.765	17.8528	16.9506	16.06	15.183	14.3221	13.4805	12.6619	11.8711	11.1141	10.3982	9.7326	9.12817	8.59788	8.15619	7.8	6.8	5.8	4.8	3.8	2.8	1.8	0.800002	0.200013	1.2	2.2	3.2	4.2	5.2	6.2	7.2	8.2	9.2	10.2	11.2	12.2	13.2	14.2	15.2	16.2	17.2	18.2	19.2	20.2	21.2	22.2	23.2	24.2	25.2	26.2	27.2	28.2	29.2	30.2	31.2	32.2	33.2	34.2	35.2	36.2	37.2	38.2	39.2	40.2	41.2	42.2	43.2	44.2	45.2	46.2	47.2	48.2	49.2	50.2	51.2	52.2	53.2	54.2	55.2	56.2	57.2	58.2	
16.4	17.4	18.4	19.4	20.4	21.4	22.4	23.4	24.4	25.4	26.4	25.9102	24.9548	24.0029	23.0552	22.112	21.174	20.242	19.3168	18.3995	17.4911	16.5934	15.708	14.8371	13.9836	13.1507	12.3426	11.5646	10.8231	10.1262	9.48368	8.90731	8.41072	8.00876	7.71623	7.54587	7.50601	7.2	6.2	5.2	4.2	3.2	2.2	1.2	0.200027	0.800008	1.8	2.8	3.8	4.8	5.8	6.8	7.8	8.8	9.8	10.8	11.8	12.8	13.8	14.8	15.8	16.8	17.8	18.8	19.8	20.8	21.8	22.8	23.8	24.8	25.8	26.8	27.8	28.8	29.8	30.8	31.8	32.8	33.8	34.8	35.8	36.8	37.8	38.8	39.8	40.8	41.8	42.8	43.8	44.8	45.8	46.8	47.8	48.8	49.8	50.8	51.8	52.8	53.8	54.8	55.8	56.8	
15.2	16.2	17.2	18.2	19.2	20.2	21.2	22.2	23.2	24.2	25.2	24.5739	23.6237	22.6777	21.7365	20.8009	19.8715	18.9493	18.0354	17.1312	16.2381	15.3583	14.494	13.6483	12.8249	12.0282	11.264	10.5393	9.86291	9.24537	8.69925	8.23875	7.87889	7.63393	7.51511	7.52841	7.67313	7.9421	7.6	6.6	5.6	4.6	3.6	2.6	1.6	0.600015	0.400027	1.40001	2.40001	3.4	4.4	5.4	6.4	7.4	8.4	9.4	10.4	11.4	12.4	13.4	14.4	15.4	16.4	17.4	18.4	19.4	20.4	21.4	22.4	23.4	24.4	25.4	26.4	27.4	28.4	29.4	30.4	31.4	32.4	33.4	34.4	35.4	36.4	37.4	38.4	39.4	40.4	41.4	42.4	43.4	44.4	45.4	46.4	47.4	48.4	49.4	50.4	51.4	52.4	53.4	54.4	55.4	
14	15	16	17	18	19	20	21	22	23	24	23.2451	22.301	21.362	20.4287	19.5021	18.5832	17.673	16.773	15.885	15.0111	14.1539	13.3167	12.5033	11.7189	10.9697	10.2632	9.60904	9.01852	8.50492	8.08292	7.76747	7.5719	7.50557	7.5719	7.76747	8.08292	8.50492	9	8	7	6	5	4	3	2.00001	1.00001	0.00557429	1.00002	2.00001	3.00001	4.00001	5.00001	6	7	8	9	10	11	12	13	14	15	16	17	18	19	20	21	22	23	24	25	26	27	28	29	30	31	32	33	34	35	36	37	38	39	40	41	42	43	44	45	46	47	48	49	50	51	52	53	54	
12.8	13.8	14.8	15.8	16.8	17.8	18.8	19.8	20.8	21.8	22.8	21.9251	20.9883	20.0577	19.134	18.2184	17.3121	16.4168	15.5342	14.6666	13.817	12.9889	12.1865	11.4154	10.6822	9.99552	9.36538	8.804	8.32529	7.94421	7.67531	7.53063	7.51734	7.63612	7.88101	8.24077	8.70117	9.24718	9.8646	9.4	8.4	7.4	6.4	5.4	4.4	3.4	2.40001	1.40001	0.400053	0.60004	1.60002	2.60001	3.60001	4.60001	5.60001	6.60001	7.60001	8.60001	9.6	10.6	11.6	12.6	13.6	14.6	15.6	16.6	17.6	18.6	19.6	20.6	21.6	22.6	23.6	24.6	25.6	26.6	27.6	28.6	29.6	30.6	31.6	32.6	33.6	34.6	35.6	36.6	37.6	38.6	39.6	40.6	41.6	42.6	43.6	44.6	45.6	46.6	47.6	48.6	49.6	50.6	51.6	52.6	
11.6	12.6	13.6	14.6	15.6	16.6	17.6	18.6	19.6	20.6	21.5501	20.6157	19.6877	18.7672	17.8552	16.9531	16.0626	15.1858	14.3251	13.4836	12.6652	11.8746	11.1179	10.4023	9.7369	9.13275	8.60274	8.16132	7.8235	7.6031	7.51047	7.55031	7.72056	8.01293	8.4147	8.91107	9.48721	10.1295	10.8262	10.8	9.8	8.8	7.8	6.8	5.8	4.8	3.8	2.80001	1.80001	0.800035	0.200155	1.20003	2.20002	3.20001	4.20001	5.20001	6.20001	7.20001	8.20001	9.20001	10.2	11.2	12.2	13.2	14.2	15.2	16.2	17.2	18.2	19.2	20.2	21.2	22.2	23.2	24.2	25.2	26.2	27.2	28.2	29.2	30.2	31.2	32.2	33.2	34.2	35.2	36.2	37.2	38.2	39.2	40.2	41.2	42.2	43.2	44.2	45.2	46.2	47.2	48.2	49.2	50.2	51.2	
10.4	11.4	12.4	13.4	14.4	15.4	16.4	17.4	18.4	19.4	20.2441	19.319	18.4017	17.4935	16.5959	15.7106	14.8399	13.9866	13.1539	12.346	11.5682	10.827	10.1303	9.48809	8.91201	8.41569	8.01398	7.72165	7.55141	7.51158	7.6042	7.82457	8.16234	8.60371	9.13366	9.73775	10.4031	11.1186	11.8753	12.2	11.2	10.2	9.2	8.2	7.2	6.2	5.2	4.20001	3.20001	2.20001	1.20003	0.200195	0.800053	1.80003	2.80002	3.80001	4.80001	5.80001	6.80001	7.80001	8.80001	9.80001	10.8	11.8	12.8	13.8	14.8	15.8	16.8	17.8	18.8	19.8	20.8	21.8	22.8	23.8	24.8	25.8	26.8	27.8	28.8	29.8	30.8	31.8	32.8	33.8	34.8	35.8	36.8	37.8	38.8	39.8	40.8	41.8	42.8	43.8	44.8	45.8	46.8	47.8	48.8	49.8	
9.20001	10.2	11.2	12.2	13.2	14.2	15.2	16.2	17.2	18.2	18.9515	18.0378	17.1336	16.2407	15.361	14.4969	13.6514	12.8281	12.0317	11.2677	10.5433	9.86715	9.2499	8.70406	8.24382	7.8842	7.63941	7.52068	7.53396	7.67858	7.94736	8.3283	8.80685	9.36806	9.99803	10.6846	11.4176	12.1885	12.9908	13.6	12.6	11.6	10.6	9.6	8.6	7.6	6.6	5.6	4.60001	3.60001	2.60002	1.60003	0.60008	0.40013	1.40004	2.40002	3.40002	4.40002	5.40001	6.40001	7.40001	8.40001	9.40001	10.4	11.4	12.4	13.4	14.4	15.4	16.4	17.4	18.4	19.4	20.4	21.4	22.4	23.4	24.4	25.4	26.4	27.4	28.4	29.4	30.4	31.4	32.4	33.4	34.4	35.4	36.4	37.4	38.4	39.4	40.4	41.4	42.4	43.4	44.4	45.4	46.4	47.4	48.4	
8.00001	9.00001	10	11	12	13	14	15	16	17	17.6753	16.7755	15.8877	15.0139	14.1569	13.3198	12.5067	11.7225	10.9735	10.2673	9.6134	9.02316	8.50984	8.0881	7.77286	7.57742	7.51115	7.57742	7.77286	8.0881	8.50984	9.02315	9.61339	10.2673	10.9735	11.7225	12.5067	13.3198	14.1569	15	14	13	12	11	10	9	8	7	6.00001	5.00001	4.00001	3.00002	2.00003	1.00006	0.0111486	1.00007	2.00004	3.00003	4.00002	5.00002	6.00001	7.00001	8.00001	9.00001	10	11	12	13	14	15	16	17	18	19	20	21	22	23	24	25	26	27	28	29	30	31	32	33	34	35	36	37	38	39	40	41	42	43	44	45	46	47	
6.80001	7.80001	8.80001	9.80001	10.8	11.8	12.8	13.8	14.8	15.8	16.4193	15.5369	14.6695	13.8201	12.9921	12.1899	11.419	10.6862	9.99971	9.36985	8.80875	8.33031	7.94947	7.68076	7.53619	7.5229	7.6416	7.88632	8.24585	8.70598	9.25171	9.86884	10.5449	11.2692	12.033	12.8294	13.6526	14.4981	15.3621	16.2417	15.4	14.4	13.4	12.4	11.4	10.4	9.4	8.4	7.40001	6.40001	5.40001	4.40001	3.40002	2.40003	1.40005	0.400183	0.60013	1.60005	2.60003	3.60003	4.60002	5.60002	6.60002	7.60001	8.60001	9.60001	10.6	11.6	12.6	13.6	14.6	15.6	16.6	17.6	18.6	19.6	20.6	21.6	22.6	23.6	24.6	25.6	26.6	27.6	28.6	29.6	30.6	31.6	32.6	33.6	34.6	35.6	36.6	37.6	38.6	39.6	40.6	41.6	42.6	43.6	44.6	45.6	
5.60002	6.60001	7.60001	8.60001	9.60001	10.6	11.6	12.6	13.6	14.6	15.1885	14.328	13.4867	12.6685	11.8782	11.1216	10.4063	9.7412	9.13734	8.60761	8.16645	7.82885	7.6086	7.51604	7.55585	7.72598	8.01816	8.41967	8.91576	9.49162	10.1336	10.8301	11.5711	12.3487	13.1564	13.989	14.8422	15.7128	16.5979	17.4954	16.8	15.8	14.8	13.8	12.8	11.8	10.8	9.8	8.8	7.80001	6.80001	5.80001	4.80001	3.80002	2.80003	1.80004	0.800107	0.200452	1.20008	2.20005	3.20003	4.20003	5.20002	6.20002	7.20002	8.20002	9.20002	10.2	11.2	12.2	13.2	14.2	15.2	16.2	17.2	18.2	19.2	20.2	21.2	22.2	23.2	24.2	25.2	26.2	27.2	28.2	29.2	30.2	31.2	32.2	33.2	34.2	35.2	36.2	37.2	38.2	39.2	40.2	41.2	42.2	43.2	44.2	
4.40002	5.40002	6.40002	7.40002	8.40001	9.40001	10.4	11.4	12.4	13.4	13.9896	13.157	12.3494	11.5718	10.8309	10.1345	9.49251	8.91671	8.42067	8.0192	7.72707	7.55696	7.51715	7.6097	7.82992	8.16747	8.60857	9.13825	9.74205	10.4071	11.1224	11.8789	12.6692	13.4873	14.3286	15.1891	16.0657	16.956	17.858	18.7699	18.2	17.2	16.2	15.2	14.2	13.2	12.2	11.2	10.2	9.20001	8.20001	7.20001	6.20001	5.20001	4.20002	3.20003	2.20004	1.20008	0.200519	0.800137	1.80006	2.80004	3.80003	4.80003	5.80002	6.80002	7.80002	8.80002	9.80002	10.8	11.8	12.8	13.8	14.8	15.8	16.8	17.8	18.8	19.8	20.8	21.8	22.8	23.8	24.8	25.8	26.8	27.8	28.8	29.8	30.8	31.8	32.8	33.8	34.8	35.8	36.8	37.8	38.8	39.8	40.8	41.8	42.8	
3.20003	4.20003	5.20002	6.20002	7.20002	8.20002	9.20002	10.2	11.2	12.2	12.8314	12.0351	11.2714	10.5472	9.8714	9.25443	8.70887	8.2489	7.88951	7.64489	7.52625	7.53952	7.68403	7.95263	8.33333	8.8116	9.37253	10.0022	10.6885	11.4212	12.192	12.994	13.8219	14.6712	15.5385	16.4208	17.316	18.2221	19.1375	20.061	19.6	18.6	17.6	16.6	15.6	14.6	13.6	12.6	11.6	10.6	9.60001	8.60001	7.60001	6.60001	5.60002	4.60002	3.60003	2.60004	1.60007	0.600197	0.400311	1.40009	2.40006	3.40004	4.40003	5.40003	6.40003	7.40002	8.40002	9.40002	10.4	11.4	12.4	13.4	14.4	15.4	16.4	17.4	18.4	19.4	20.4	21.4	22.4	23.4	24.4	25.4	26.4	27.4	28.4	29.4	30.4	31.4	32.4	33.4	34.4	35.4	36.4	37.4	38.4	39.4	40.4	41.4	
2.00006	3.00004	4.00003	5.00003	6.00002	7.00002	8.00002	9.00002	10	11	11.7261	10.9773	10.2714	9.61775	9.0278	8.51476	8.09328	7.77825	7.58295	7.51672	7.58295	7.77825	8.09327	8.51476	9.02779	9.61775	10.2714	10.9773	11.7261	12.51	13.3229	14.1598	15.0167	15.8903	16.778	17.6777	18.5877	19.5064	20.4328	21.3659	21	20	19	18	17	16	15	14	13	12	11	10	9.00001	8.00001	7.00001	6.00002	5.00002	4.00003	3.00004	2.00006	1.00013	0.0167229	1.00015	2.00008	3.00005	4.00004	5.00003	6.00003	7.00003	8.00002	9.00002	10	11	12	13	14	15	16	17	18	19	20	21	22	23	24	25	26	27	28	29	30	31	32	33	34	35	36	37	38	39	40	
0.800152	1.80007	2.80005	3.80004	4.80003	5.80003	6.80002	7.80002	8.80002	9.80002	10.6901	10.0039	9.37432	8.81351	8.33534	7.95474	7.68622	7.54174	7.52847	7.64708	7.89163	8.25093	8.71079	9.25623	9.87308	10.5488	11.2729	12.0365	12.8327	13.6557	14.501	15.3648	16.2443	17.137	18.041	18.9546	19.8766	20.8057	21.7411	22.6821	22.4	21.4	20.4	19.4	18.4	17.4	16.4	15.4	14.4	13.4	12.4	11.4	10.4	9.40001	8.40001	7.40001	6.40002	5.40002	4.40003	3.40004	2.40006	1.40011	0.40039	0.600272	1.60011	2.60007	3.60005	4.60004	5.60004	6.60003	7.60003	8.60003	9.60002	10.6	11.6	12.6	13.6	14.6	15.6	16.6	17.6	18.6	19.6	20.6	21.6	22.6	23.6	24.6	25.6	26.6	27.6	28.6	29.6	30.6	31.6	32.6	33.6	34.6	35.6	36.6	37.6	38.6	
0.400323	0.600226	1.60009	2.60006	3.60004	4.60004	5.60003	6.60003	7.60002	8.60002	9.60002	9.14192	8.61247	8.17158	7.8342	7.61411	7.52161	7.56139	7.7314	8.02338	8.42464	8.92046	9.49603	10.1378	10.834	11.5747	12.3521	13.1596	13.9919	14.845	15.7154	16.6004	17.4978	18.4058	19.3229	20.2478	21.1796	22.1173	23.0602	24.0078	23.8	22.8	21.8	20.8	19.8	18.8	17.8	16.8	15.8	14.8	13.8	12.8	11.8	10.8	9.80001	8.80001	7.80002	6.80002	5.80002	4.80003	3.80004	2.80006	1.80009	0.800217	0.200904	1.20016	2.20009	3.20006	4.20005	5.20004	6.20004	7.20003	8.20003	9.20003	10.2	11.2	12.2	13.2	14.2	15.2	16.2	17.2	18.2	19.2	20.2	21.2	22.2	23.2	24.2	25.2	26.2	27.2	28.2	29.2	30.2	31.2	32.2	33.2	34.2	35.2	36.2	37.2	
1.60009	0.60024	0.400376	1.40011	2.40007	3.40005	4.40004	5.40003	6.40003	7.40003	8.40002	8.42564	8.02443	7.73249	7.5625	7.52273	7.61521	7.83527	8.1726	8.61344	9.14283	9.74635	10.4111	11.1262	11.8824	12.6725	13.4904	14.3315	15.1918	16.0683	16.9585	17.8603	18.7721	19.6924	20.6202	21.5544	22.4942	23.4391	24.3883	25.3415	25.2	24.2	23.2	22.2	21.2	20.2	19.2	18.2	17.2	16.2	15.2	14.2	13.2	12.2	11.2	10.2	9.20001	8.20002	7.20002	6.20002	5.20003	4.20004	3.20005	2.20008	1.20016	0.200996	0.80026	1.80012	2.80008	3.80006	4.80005	5.80004	6.80004	7.80003	8.80003	9.80003	10.8	11.8	12.8	13.8	14.8	15.8	16.8	17.8	18.8	19.8	20.8	21.8	22.8	23.8	24.8	25.8	26.8	27.8	28.8	29.8	30.8	31.8	32.8	33.8	34.8	35.8	
2.80005	1.80008	0.800199	0.20083	1.20014	2.20008	3.20006	4.20005	5.20004	6.20003	7.20003	7.89482	7.65037	7.53181	7.54508	7.68948	7.9579	8.33835	8.81635	9.377	10.0064	10.6924	11.4249	12.1954	12.9972	13.8249	14.6741	15.5412	16.4234	17.3184	18.2244	19.1397	20.0631	20.9935	21.9301	22.872	23.8186	24.7695	25.7241	26.682	26.6	25.6	24.6	23.6	22.6	21.6	20.6	19.6	18.6	17.6	16.6	15.6	14.6	13.6	12.6	11.6	10.6	9.60001	8.60002	7.60002	6.60003	5.60003	4.60004	3.60005	2.60008	1.60013	0.600365	0.400569	1.40017	2.4001	3.40007	4.40006	5.40005	6.40004	7.40004	8.40004	9.40003	10.4	11.4	12.4	13.4	14.4	15.4	16.4	17.4	18.4	19.4	20.4	21.4	22.4	23.4	24.4	25.4	26.4	27.4	28.4	29.4	30.4	31.4	32.4	33.4	34.4	
4.00004	3.00005	2.00008	1.00018	0.0191118	1.00019	2.0001	3.00007	4.00005	5.00004	6.00004	7.00003	7.5223	7.58847	7.78363	8.09845	8.51968	9.03243	9.6221	10.2754	10.9811	11.7297	12.5134	13.3261	14.1628	15.0195	15.8929	16.7805	17.6801	18.5899	19.5086	20.4349	21.3678	22.3066	23.2505	24.1989	25.1512	26.1072	27.0663	28.0283	28	27	26	25	24	23	22	21	20	19	18	17	16	15	14	13	12	11	10	9.00002	8.00002	7.00003	6.00003	5.00004	4.00005	3.00007	2.00012	1.00024	0.0222971	1.00026	2.00013	3.00009	4.00007	5.00006	6.00005	7.00004	8.00004	9.00004	10	11	12	13	14	15	16	17	18	19	20	21	22	23	24	25	26	27	28	29	30	31	32	33	
5.20003	4.20004	3.20005	2.20008	1.20016	0.200996	0.80026	1.80012	2.80008	3.80006	4.80005	5.80004	6.80004	7.80003	8.25601	8.7156	9.26076	9.87733	10.5528	11.2766	12.04	12.8359	13.6588	14.5038	15.3675	16.2469	17.1395	18.0433	18.9568	19.8787	20.8077	21.7431	22.6839	23.6297	24.5797	25.5335	26.4908	27.4511	28.4141	29.3796	29.4	28.4	27.4	26.4	25.4	24.4	23.4	22.4	21.4	20.4	19.4	18.4	17.4	16.4	15.4	14.4	13.4	12.4	11.4	10.4	9.40002	8.40002	7.40003	6.40003	5.40004	4.40005	3.40007	2.4001	1.40019	0.400675	0.600466	1.60018	2.60011	3.60009	4.60007	5.60006	6.60005	7.60005	8.60004	9.60004	10.6	11.6	12.6	13.6	14.6	15.6	16.6	17.6	18.6	19.6	20.6	21.6	22.6	23.6	24.6	25.6	26.6	27.6	28.6	29.6	30.6	31.6	
6.40003	5.40003	4.40004	3.40006	2.40008	1.40015	0.400544	0.600377	1.60015	2.60009	3.60007	4.60006	5.60005	6.60004	7.60004	8.60003	9.60003	10.6	11.5784	12.3555	13.1628	13.9949	14.8478	15.7181	16.603	17.5002	18.4081	19.3251	20.2499	21.1816	22.1192	23.062	24.0095	24.9611	25.9164	26.8749	27.8363	28.8003	29.7667	30.7353	30.8	29.8	28.8	27.8	26.8	25.8	24.8	23.8	22.8	21.8	20.8	19.8	18.8	17.8	16.8	15.8	14.8	13.8	12.8	11.8	10.8	9.80002	8.80002	7.80003	6.80003	5.80004	4.80005	3.80007	2.8001	1.80016	0.800366	0.201508	1.20026	2.20015	3.2001	4.20008	5.20007	6.20006	7.20005	8.20005	9.20004	10.2	11.2	12.2	13.2	14.2	15.2	16.2	17.2	18.2	19.2	20.2	21.2	22.2	23.2	24.2	25.2	26.2	27.2	28.2	29.2	30.2	
7.60002	6.60003	5.60003	4.60004	3.60006	2.60008	1.60014	0.600394	0.400612	1.40018	2.40011	3.40008	4.40006	5.40005	6.40005	7.40004	8.40004	9.40003	10.4	11.4	12.4	13.4	14.4	15.4	16.4	17.4	18.4	19.4	20.4	21.4	22.4	23.4	24.4	25.4	26.4	27.4	28.4	29.4	30.4	31.4	32.2	31.2	30.2	29.2	28.2	27.2	26.2	25.2	24.2	23.2	22.2	21.2	20.2	19.2	18.2	17.2	16.2	15.2	14.2	13.2	12.2	11.2	10.2	9.20003	8.20003	7.20004	6.20004	5.20005	4.20007	3.20009	2.20014	1.20026	0.201627	0.800421	1.80019	2.80013	3.8001	4.80008	5.80007	6.80006	7.80005	8.80005	9.80004	10.8	11.8	12.8	13.8	14.8	15.8	16.8	17.8	18.8	19.8	20.8	21.8	22.8	23.8	24.8	25.8	26.8	27.8	28.8	
8.80002	7.80002	6.80003	5.80004	4.80005	3.80006	2.80008	1.80014	0.80032	0.20132	1.20023	2.20013	3.20009	4.20007	5.20006	6.20005	7.20005	8.20004	9.20004	10.2	11.2	12.2	13.2	14.2	15.2	16.2	17.2	18.2	19.2	20.2	21.2	22.2	23.2	24.2	25.2	26.2	27.2	28.2	29.2	30.2	31.2	32.2	31.6	30.6	29.6	28.6	27.6	26.6	25.6	24.6	23.6	22.6	21.6	20.6	19.6	18.6	17.6	16.6	15.6	14.6	13.6	12.6	11.6	10.6	9.60003	8.60003	7.60004	6.60004	5.60005	4.60007	3.60009	2.60013	1.60021	0.600586	0.400905	1.40027	2.40016	3.40012	4.40009	5.40008	6.40007	7.40006	8.40005	9.40005	10.4	11.4	12.4	13.4	14.4	15.4	16.4	17.4	18.4	19.4	20.4	21.4	22.4	23.4	24.4	25.4	26.4	27.4	
9.03709	8.52461	8.00003	7.00003	6.00004	5.00005	4.00006	3.00009	2.00013	1.00028	0.0238898	1.00029	2.00015	3.0001	4.00008	5.00007	6.00006	7.00005	8.00005	9.00004	10	11	12	13	14	15	16	17	18	19	20	21	22	23	24	25	26	27	28	29	30	31	32	32	31	30	29	28	27	26	25	24	23	22	21	20	19	18	17	16	15	14	13	12	11	10	9.00003	8.00004	7.00004	6.00005	5.00007	4.00009	3.00012	2.00018	1.00038	0.0278714	1.0004	2.00021	3.00014	4.00011	5.00009	6.00008	7.00007	8.00006	9.00005	10	11	12	13	14	15	16	17	18	19	20	21	22	23	24	25	26	
8.3454	7.96528	7.69712	7.55286	7.20003	6.20004	5.20005	4.20006	3.20009	2.20013	1.20025	0.201528	0.800396	1.80018	2.80012	3.80009	4.80007	5.80006	6.80006	7.80005	8.80004	9.80004	10.8	11.8	12.8	13.8	14.8	15.8	16.8	17.8	18.8	19.8	20.8	21.8	22.8	23.8	24.8	25.8	26.8	27.8	28.8	29.8	30.8	31.8	32.4	31.4	30.4	29.4	28.4	27.4	26.4	25.4	24.4	23.4	22.4	21.4	20.4	19.4	18.4	17.4	16.4	15.4	14.4	13.4	12.4	11.4	10.4	9.40003	8.40004	7.40005	6.40005	5.40007	4.40008	3.40011	2.40016	1.40029	0.401037	0.600711	1.60027	2.60017	3.60013	4.6001	5.60009	6.60008	7.60007	8.60006	9.60006	10.6001	11.6	12.6	13.6	14.6	15.6	16.6	17.6	18.6	19.6	20.6	21.6	22.6	23.6	24.6	
7.8449	7.62512	7.53276	7.57248	7.74225	7.40003	6.40004	5.40005	4.40007	3.40009	2.40013	1.40023	0.400821	0.600565	1.60022	2.60014	3.6001	4.60008	5.60007	6.60006	7.60005	8.60005	9.60004	10.6	11.6	12.6	13.6	14.6	15.6	16.6	17.6	18.6	19.6	20.6	21.6	22.6	23.6	24.6	25.6	26.6	27.6	28.6	29.6	30.6	31.6	32.6	31.8	30.8	29.8	28.8	27.8	26.8	25.8	24.8	23.8	22.8	21.8	20.8	19.8	18.8	17.8	16.8	15.8	14.8	13.8	12.8	11.8	10.8	9.80003	8.80004	7.80005	6.80005	5.80007	4.80008	3.80011	2.80015	1.80024	0.800554	0.202264	1.20039	2.20022	3.20015	4.20012	5.2001	6.20009	7.20007	8.20007	9.20006	10.2001	11.2001	12.2	13.2	14.2	15.2	16.2	17.2	18.2	19.2	20.2	21.2	22.2	23.2	
7.57359	7.53387	7.62622	7.84596	8.18286	8.60003	7.60004	6.60004	5.60005	4.60007	3.60009	2.60013	1.60021	0.600586	0.400905	1.40027	2.40016	3.40012	4.40009	5.40008	6.40007	7.40006	8.40005	9.40005	10.4	11.4	12.4	13.4	14.4	15.4	16.4	17.4	18.4	19.4	20.4	21.4	22.4	23.4	24.4	25.4	26.4	27.4	28.4	29.4	30.4	31.4	32.4	32.2	31.2	30.2	29.2	28.2	27.2	26.2	25.2	24.2	23.2	22.2	21.2	20.2	19.2	18.2	17.2	16.2	15.2	14.2	13.2	12.2	11.2	10.2	9.20004	8.20005	7.20006	6.20007	5.20008	4.2001	3.20014	2.20021	1.20039	0.202409	0.800621	1.80028	2.80019	3.80014	4.80011	5.8001	6.80008	7.80007	8.80007	9.80006	10.8001	11.8001	12.8001	13.8	14.8	15.8	16.8	17.8	18.8	19.8	20.8	21.8	
7.55619	7.70039	7.96843	8.34841	8.82586	9.38594	8.80003	7.80004	6.80005	5.80006	4.80007	3.80009	2.80013	1.8002	0.800469	0.201922	1.20033	2.20019	3.20013	4.2001	5.20008	6.20007	7.20006	8.20006	9.20005	10.2	11.2	12.2	13.2	14.2	15.2	16.2	17.2	18.2	19.2	20.2	21.2	22.2	23.2	24.2	25.2	26.2	27.2	28.2	29.2	30.2	31.2	32.2	32.6	31.6	30.6	29.6	28.6	27.6	26.6	25.6	24.6	23.6	22.6	21.6	20.6	19.6	18.6	17.6	16.6	15.6	14.6	13.6	12.6	11.6	10.6	9.60004	8.60005	7.60006	6.60007	5.60008	4.6001	3.60013	2.60019	1.60031	0.600858	0.401317	1.40039	2.40023	3.40017	4.40013	5.40011	6.40009	7.40008	8.40008	9.40007	10.4001	11.4001	12.4001	13.4001	14.4	15.4	16.4	17.4	18.4	19.4	20.4	
7.79441	8.10881	8.52952	9.04172	9.63082	10.2836	10	9.00003	8.00004	7.00005	6.00006	5.00007	4.00009	3.00013	2.00019	1.0004	0.0286678	1.00042	2.00022	3.00015	4.00011	5.00009	6.00008	7.00007	8.00006	9.00006	10.0001	11	12	13	14	15	16	17	18	19	20	21	22	23	24	25	26	27	28	29	30	31	32	33	32	31	30	29	28	27	26	25	24	23	22	21	20	19	18	17	16	15	14	13	12	11	10	9.00005	8.00006	7.00007	6.00008	5.0001	4.00013	3.00017	2.00027	1.00055	0.0334457	1.00057	2.00029	3.0002	4.00015	5.00013	6.00011	7.00009	8.00008	9.00008	10.0001	11.0001	12.0001	13.0001	14.0001	15.0001	16	17	18	19	
8.26617	8.72522	9.26981	9.88582	10.5607	11.284	11.2	10.2	9.20004	8.20004	7.20005	6.20006	5.20007	4.20009	3.20013	2.20019	1.20035	0.20217	0.80056	1.80026	2.80017	3.80013	4.8001	5.80009	6.80008	7.80007	8.80006	9.80006	10.8001	11.8	12.8	13.8	14.8	15.8	16.8	17.8	18.8	19.8	20.8	21.8	22.8	23.8	24.8	25.8	26.8	27.8	28.8	29.8	30.8	31.8	32.8	32.4	31.4	30.4	29.4	28.4	27.4	26.4	25.4	24.4	23.4	22.4	21.4	20.4	19.4	18.4	17.4	16.4	15.4	14.4	13.4	12.4	11.4	10.4	9.40005	8.40006	7.40007	6.40008	5.4001	4.40012	3.40016	2.40024	1.40041	0.401477	0.601008	1.60039	2.60024	3.60018	4.60014	5.60012	6.6001	7.60009	8.60008	9.60008	10.6001	11.6001	12.6001	13.6001	14.6001	15.6001	16.6	17.6	
8.93455	9.50927	10.1502	10.8456	11.5856	12.3623	12.4	11.4	10.4	9.40004	8.40004	7.40005	6.40006	5.40007	4.40009	3.40013	2.40018	1.40032	0.401155	0.600791	1.6003	2.60019	3.60014	4.60011	5.6001	6.60008	7.60007	8.60007	9.60006	10.6001	11.6001	12.6	13.6	14.6	15.6	16.6	17.6	18.6	19.6	20.6	21.6	22.6	23.6	24.6	25.6	26.6	27.6	28.6	29.6	30.6	31.6	32.6	32.8	31.8	30.8	29.8	28.8	27.8	26.8	25.8	24.8	23.8	22.8	21.8	20.8	19.8	18.8	17.8	16.8	15.8	14.8	13.8	12.8	11.8	10.8	9.80005	8.80006	7.80007	6.80008	5.8001	4.80012	3.80015	2.80021	1.80034	0.800781	0.203171	1.20054	2.2003	3.20021	4.20017	5.20014	6.20012	7.2001	8.20009	9.20008	10.2001	11.2001	12.2001	13.2001	14.2001	15.2001	16.2001	
9.75925	10.4232	11.1375	11.893	12.6824	13.4997	13.6	12.6	11.6	10.6	9.60004	8.60005	7.60005	6.60006	5.60008	4.6001	3.60013	2.60018	1.6003	0.600816	0.401254	1.40037	2.40022	3.40016	4.40013	5.4001	6.40009	7.40008	8.40007	9.40007	10.4001	11.4001	12.4001	13.4	14.4	15.4	16.4	17.4	18.4	19.4	20.4	21.4	22.4	23.4	24.4	25.4	26.4	27.4	28.4	29.4	30.4	31.4	32.4	33.2	32.2	31.2	30.2	29.2	28.2	27.2	26.2	25.2	24.2	23.2	22.2	21.2	20.2	19.2	18.2	17.2	16.2	15.2	14.2	13.2	12.2	11.2	10.2001	9.20006	8.20007	7.20008	6.20009	5.20012	4.20015	3.2002	2.20029	1.20055	0.203341	0.80086	1.80039	2.80026	3.80019	4.80016	5.80013	6.80011	7.8001	8.80009	9.80008	10.8001	11.8001	12.8001	13.8001	14.8001	
10.7042	11.4359	12.2057	13.0069	13.834	14.6826	14.8	13.8	12.8	11.8	10.8	9.80004	8.80005	7.80005	6.80006	5.80008	4.8001	3.80013	2.80018	1.80028	0.800647	0.202635	1.20045	2.20025	3.20018	4.20014	5.20011	6.2001	7.20009	8.20008	9.20007	10.2001	11.2001	12.2001	13.2001	14.2001	15.2	16.2	17.2	18.2	19.2	20.2	21.2	22.2	23.2	24.2	25.2	26.2	27.2	28.2	29.2	30.2	31.2	32.2	33.2	32.6	31.6	30.6	29.6	28.6	27.6	26.6	25.6	24.6	23.6	22.6	21.6	20.6	19.6	18.6	17.6	16.6	15.6	14.6	13.6	12.6	11.6	10.6001	9.60006	8.60007	7.60008	6.60009	5.60011	4.60014	3.60018	2.60026	1.60043	0.601181	0.401807	1.40053	2.40031	3.40023	4.40018	5.40015	6.40013	7.40011	8.4001	9.40009	10.4001	11.4001	12.4001	13.4001	
11.7404	12.5234	13.3355	14.1717	15.0279	15.9008	16	15	14	13	12	11	10	9.00005	8.00006	7.00007	6.00008	5.0001	4.00013	3.00017	2.00027	1.00055	0.0334457	1.00057	2.00029	3.0002	4.00015	5.00013	6.00011	7.00009	8.00008	9.00008	10.0001	11.0001	12.0001	13.0001	14.0001	15.0001	16	17	18	19	20	21	22	23	24	25	26	27	28	29	30	31	32	33	33	32	31	30	29	28	27	26	25	24	23	22	21	20	19	18	17	16	15	14	13	12	11.0001	10.0001	9.00007	8.00008	7.00009	6.00011	5.00014	4.00017	3.00024	2.00037	1.00075	0.0390196	1.00078	2.0004	3.00027	4.00021	5.00017	6.00014	7.00012	8.00011	9.0001	10.0001	11.0001	12.0001	
12.8458	13.668	14.5125	15.3757	16.2546	17.1468	17.2	16.2	15.2	14.2	13.2	12.2	11.2	10.2	9.20005	8.20006	7.20007	6.20008	5.2001	4.20013	3.20017	2.20026	1.20048	0.202924	0.800753	1.80034	2.80023	3.80017	4.80014	5.80012	6.8001	7.80009	8.80008	9.80007	10.8001	11.8001	12.8001	13.8001	14.8001	15.8001	16.8	17.8	18.8	19.8	20.8	21.8	22.8	23.8	24.8	25.8	26.8	27.8	28.8	29.8	30.8	31.8	32.8	33.4	32.4	31.4	30.4	29.4	28.4	27.4	26.4	25.4	24.4	23.4	22.4	21.4	20.4	19.4	18.4	17.4	16.4	15.4	14.4	13.4	12.4	11.4001	10.4001	9.40007	8.40008	7.40009	6.40011	5.40013	4.40017	3.40022	2.40032	1.40056	0.401993	0.601357	1.60052	2.60033	3.60024	4.60019	5.60016	6.60014	7.60012	8.60011	9.6001	10.6001	
14.0039	14.8563	15.7261	16.6105	17.5074	18.4149	18.4	17.4	16.4	15.4	14.4	13.4	12.4	11.4	10.4	9.40005	8.40006	7.40007	6.40008	5.4001	4.40013	3.40017	2.40025	1.40043	0.401546	0.601055	1.6004	2.60025	3.60019	4.60015	5.60013	6.60011	7.6001	8.60009	9.60008	10.6001	11.6001	12.6001	13.6001	14.6001	15.6001	16.6001	17.6	18.6	19.6	20.6	21.6	22.6	23.6	24.6	25.6	26.6	27.6	28.6	29.6	30.6	31.6	32.6	33.6	32.8	31.8	30.8	29.8	28.8	27.8	26.8	25.8	24.8	23.8	22.8	21.8	20.8	19.8	18.8	17.8	16.8	15.8	14.8	13.8	12.8001	11.8001	10.8001	9.80007	8.80008	7.80009	6.80011	5.80013	4.80016	3.80021	2.80029	1.80046	0.801046	0.204226	1.20073	2.2004	3.20028	4.20022	5.20018	6.20015	7.20013	8.20012	9.20011	
15.2029	16.0788	16.9684	17.8697	18.781	19.7009	19.6	18.6	17.6	16.6	15.6	14.6	13.6	12.6	11.6	10.6	9.60005	8.60006	7.60007	6.60009	5.6001	4.60013	3.60017	2.60024	1.6004	0.601083	0.401659	1.40049	2.40029	3.40021	4.40016	5.40014	6.40012	7.4001	8.40009	9.40008	10.4001	11.4001	12.4001	13.4001	14.4001	15.4001	16.4001	17.4001	18.4001	19.4	20.4	21.4	22.4	23.4	24.4	25.4	26.4	27.4	28.4	29.4	30.4	31.4	32.4	33.4	33.2	32.2	31.2	30.2	29.2	28.2	27.2	26.2	25.2	24.2	23.2	22.2	21.2	20.2	19.2	18.2	17.2	16.2	15.2	14.2	13.2001	12.2001	11.2001	10.2001	9.20008	8.20009	7.20011	6.20013	5.20016	4.2002	3.20026	2.20039	1.20073	0.204421	0.801138	1.80052	2.80034	3.80025	4.8002	5.80017	6.80015	7.80013	
16.4336	17.3281	18.2336	19.1485	20.0715	21.0015	20.8	19.8	18.8	17.8	16.8	15.8	14.8	13.8	12.8	11.8	10.8	9.80006	8.80006	7.80007	6.80009	5.8001	4.80013	3.80017	2.80023	1.80037	0.800853	0.203457	1.20059	2.20033	3.20023	4.20018	5.20015	6.20013	7.20011	8.2001	9.20009	10.2001	11.2001	12.2001	13.2001	14.2001	15.2001	16.2001	17.2001	18.2001	19.2001	20.2	21.2	22.2	23.2	24.2	25.2	26.2	27.2	28.2	29.2	30.2	31.2	32.2	33.2	33.6	32.6	31.6	30.6	29.6	28.6	27.6	26.6	25.6	24.6	23.6	22.6	21.6	20.6	19.6	18.6	17.6	16.6	15.6	14.6	13.6001	12.6001	11.6001	10.6001	9.60008	8.60009	7.60011	6.60013	5.60015	4.60019	3.60025	2.60035	1.60057	0.601556	0.402373	1.40069	2.40041	3.4003	4.40023	5.40019	6.40017	
17.6896	18.5989	19.5172	20.4431	21.3757	22.3141	22	21	20	19	18	17	16	15	14	13	12	11.0001	10.0001	9.00007	8.00008	7.00009	6.00011	5.00013	4.00017	3.00023	2.00035	1.00072	0.0382237	1.00075	2.00038	3.00026	4.0002	5.00016	6.00014	7.00012	8.00011	9.0001	10.0001	11.0001	12.0001	13.0001	14.0001	15.0001	16.0001	17.0001	18.0001	19.0001	20.0001	21.0001	22	23	24	25	26	27	28	29	30	31	32	33	34	33	32	31	30	29	28	27	26	25	24	23	22	21	20	19	18	17	16	15	14.0001	13.0001	12.0001	11.0001	10.0001	9.00009	8.00011	7.00012	6.00015	5.00018	4.00023	3.00031	2.00048	1.00098	0.0445936	1.00101	2.00051	3.00035	4.00027	5.00022	
18.9657	19.8871	20.8158	21.7508	22.6913	23.6368	23.2	22.2	21.2	20.2	19.2	18.2	17.2	16.2	15.2	14.2	13.2	12.2	11.2001	10.2001	9.20007	8.20008	7.20009	6.20011	5.20013	4.20017	3.20022	2.20033	1.20062	0.203786	0.800974	1.80044	2.80029	3.80022	4.80018	5.80015	6.80013	7.80011	8.8001	9.80009	10.8001	11.8001	12.8001	13.8001	14.8001	15.8001	16.8001	17.8001	18.8001	19.8001	20.8001	21.8001	22.8	23.8	24.8	25.8	26.8	27.8	28.8	29.8	30.8	31.8	32.8	33.8	33.4	32.4	31.4	30.4	29.4	28.4	27.4	26.4	25.4	24.4	23.4	22.4	21.4	20.4	19.4	18.4	17.4	16.4	15.4	14.4001	13.4001	12.4001	11.4001	10.4001	9.40009	8.40011	7.40012	6.40015	5.40018	4.40022	3.40029	2.40042	1.40073	0.402585	0.601756	1.60067	2.60042	3.60031	
20.2582	21.1895	22.1268	23.0693	24.0165	24.9679	24.4	23.4	22.4	21.4	20.4	19.4	18.4	17.4	16.4	15.4	14.4	13.4	12.4	11.4001	10.4001	9.40007	8.40008	7.40009	6.40011	5.40013	4.40017	3.40022	2.40032	1.40056	0.401993	0.601357	1.60052	2.60033	3.60024	4.60019	5.60016	6.60014	7.60012	8.60011	9.6001	10.6001	11.6001	12.6001	13.6001	14.6001	15.6001	16.6001	17.6001	18.6001	19.6001	20.6001	21.6001	22.6001	23.6001	24.6	25.6	26.6	27.6	28.6	29.6	30.6	31.6	32.6	33.6	33.8	32.8	31.8	30.8	29.8	28.8	27.8	26.8	25.8	24.8	23.8	22.8	21.8	20.8	19.8	18.8	17.8	16.8	15.8001	14.8001	13.8001	12.8001	11.8001	10.8001	9.80009	8.80011	7.80012	6.80014	5.80017	4.80021	3.80027	2.80037	1.80059	0.80135	0.205425	1.20093	2.20052	
21.5641	22.5036	23.448	24.3969	25.3498	26.3061	25.6	24.6	23.6	22.6	21.6	20.6	19.6	18.6	17.6	16.6	15.6	14.6	13.6	12.6001	11.6001	10.6001	9.60007	8.60008	7.60009	6.60011	5.60013	4.60017	3.60022	2.60031	1.60051	0.601389	0.402121	1.40062	2.40037	3.40026	4.40021	5.40017	6.40015	7.40013	8.40012	9.40011	10.4001	11.4001	12.4001	13.4001	14.4001	15.4001	16.4001	17.4001	18.4001	19.4001	20.4001	21.4001	22.4001	23.4001	24.4001	25.4	26.4	27.4	28.4	29.4	30.4	31.4	32.4	33.4	34.2	33.2	32.2	31.2	30.2	29.2	28.2	27.2	26.2	25.2	24.2	23.2	22.2	21.2	20.2	19.2	18.2	17.2	16.2001	15.2001	14.2001	13.2001	12.2001	11.2001	10.2001	9.20011	8.20012	7.20014	6.20017	5.2002	4.20025	3.20034	2.2005	1.20094	0.205646	0.801455	
22.8812	23.8274	24.778	25.7322	26.6898	27.6504	26.8	25.8	24.8	23.8	22.8	21.8	20.8	19.8	18.8	17.8	16.8	15.8	14.8	13.8	12.8001	11.8001	10.8001	9.80007	8.80008	7.8001	6.80011	5.80014	4.80017	3.80022	2.8003	1.80047	0.801087	0.204388	1.20075	2.20042	3.20029	4.20023	5.20019	6.20016	7.20014	8.20012	9.20011	10.2001	11.2001	12.2001	13.2001	14.2001	15.2001	16.2001	17.2001	18.2001	19.2001	20.2001	21.2001	22.2001	23.2001	24.2001	25.2001	26.2001	27.2	28.2	29.2	30.2	31.2	32.2	33.2	34.2	33.6	32.6	31.6	30.6	29.6	28.6	27.6	26.6	25.6	24.6	23.6	22.6	21.6	20.6	19.6	18.6	17.6	16.6001	15.6001	14.6001	13.6001	12.6001	11.6001	10.6001	9.60011	8.60012	7.60014	6.60016	5.6002	4.60024	3.60031	2.60044	1.60073	0.601983	
24.2075	25.1596	26.1152	27.074	28.0358	29	28	27	26	25	24	23	22	21	20	19	18	17	16	15	14	13.0001	12.0001	11.0001	10.0001	9.00009	8.0001	7.00011	6.00014	5.00017	4.00021	3.00029	2.00045	1.00091	0.0430016	1.00094	2.00048	3.00033	4.00025	5.0002	6.00017	7.00015	8.00013	9.00012	10.0001	11.0001	12.0001	13.0001	14.0001	15.0001	16.0001	17.0001	18.0001	19.0001	20.0001	21.0001	22.0001	23.0001	24.0001	25.0001	26.0001	27.0001	28.0001	29	30	31	32	33	34	34	33	32	31	30	29	28	27	26	25	24	23	22	21	20	19	18	17.0001	16.0001	15.0001	14.0001	13.0001	12.0001	11.0001	10.0001	9.00012	8.00014	7.00016	6.00019	5.00023	4.00029	3.0004	2.00061	
25.5417	26.4987	27.4587	28.4215	29.3867	30.2	29.2	28.2	27.2	26.2	25.2	24.2	23.2	22.2	21.2	20.2	19.2	18.2	17.2	16.2	15.2	14.2001	13.2001	12.2001	11.2001	10.2001	9.20009	8.2001	7.20012	6.20014	5.20017	4.20021	3.20028	2.20042	1.20079	0.204757	0.801224	1.80055	2.80036	3.80027	4.80022	5.80018	6.80016	7.80014	8.80013	9.80012	10.8001	11.8001	12.8001	13.8001	14.8001	15.8001	16.8001	17.8001	18.8001	19.8001	20.8001	21.8001	22.8001	23.8001	24.8001	25.8001	26.8001	27.8001	28.8001	29.8	30.8	31.8	32.8	33.8	34.4	33.4	32.4	31.4	30.4	29.4	28.4	27.4	26.4	25.4	24.4	23.4	22.4	21.4	20.4	19.4	18.4001	17.4001	16.4001	15.4001	14.4001	13.4001	12.4001	11.4001	10.4001	9.40012	8.40014	7.40016	6.40019	5.40022	4.40028	3.40037	
26.8827	27.8438	28.8076	29.7738	30.7421	31.4	30.4	29.4	28.4	27.4	26.4	25.4	24.4	23.4	22.4	21.4	20.4	19.4	18.4	17.4	16.4	15.4	14.4001	13.4001	12.4001	11.4001	10.4001	9.40009	8.4001	7.40012	6.40014	5.40017	4.40021	3.40028	2.4004	1.4007	0.402496	0.601696	1.60065	2.60041	3.6003	4.60024	5.6002	6.60017	7.60015	8.60014	9.60012	10.6001	11.6001	12.6001	13.6001	14.6001	15.6001	16.6001	17.6001	18.6001	19.6001	20.6001	21.6001	22.6001	23.6001	24.6001	25.6001	26.6001	27.6001	28.6001	29.6001	30.6001	31.6	32.6	33.6	34.6	33.8	32.8	31.8	30.8	29.8	28.8	27.8	26.8	25.8	24.8	23.8	22.8	21.8	20.8	19.8	18.8001	17.8001	16.8001	15.8001	14.8001	13.8001	12.8001	11.8001	10.8001	9.80012	8.80014	7.80016	6.80018	5.80022	4.80027	
28.2293	29.1941	30.1611	31.1303	32.1013	32.6	31.6	30.6	29.6	28.6	27.6	26.6	25.6	24.6	23.6	22.6	21.6	20.6	19.6	18.6	17.6	16.6	15.6	14.6001	13.6001	12.6001	11.6001	10.6001	9.60009	8.6001	7.60012	6.60014	5.60017	4.60021	3.60027	2.60039	1.60064	0.601732	0.402639	1.40077	2.40046	3.40033	4.40026	5.40021	6.40018	7.40016	8.40014	9.40013	10.4001	11.4001	12.4001	13.4001	14.4001	15.4001	16.4001	17.4001	18.4001	19.4001	20.4001	21.4001	22.4001	23.4001	24.4001	25.4001	26.4001	27.4001	28.4001	29.4001	30.4001	31.4001	32.4001	33.4	34.4	34.2	33.2	32.2	31.2	30.2	29.2	28.2	27.2	26.2	25.2	24.2	23.2	22.2	21.2	20.2	19.2001	18.2001	17.2001	16.2001	15.2001	14.2001	13.2001	12.2001	11.2001	10.2001	9.20013	8.20015	7.20018	6.20021	
29.5809	30.5488	31.5187	32.4905	33.4639	33.8	32.8	31.8	30.8	29.8	28.8	27.8	26.8	25.8	24.8	23.8	22.8	21.8	20.8	19.8	18.8	17.8	16.8	15.8001	14.8001	13.8001	12.8001	11.8001	10.8001	9.80009	8.80011	7.80012	6.80014	5.80017	4.80021	3.80027	2.80037	1.80059	0.801351	0.205426	1.20093	2.20052	3.20036	4.20028	5.20023	6.2002	7.20017	8.20015	9.20014	10.2001	11.2001	12.2001	13.2001	14.2001	15.2001	16.2001	17.2001	18.2001	19.2001	20.2001	21.2001	22.2001	23.2001	24.2001	25.2001	26.2001	27.2001	28.2001	29.2001	30.2001	31.2001	32.2001	33.2001	34.2001	34.6	33.6	32.6	31.6	30.6	29.6	28.6	27.6	26.6	25.6	24.6	23.6	22.6	21.6	20.6001	19.6001	18.6001	17.6001	16.6001	15.6001	14.6001	13.6001	12.6001	11.6001	10.6001	9.60013	8.60015	7.60017	
30.9368	31.9075	32.8799	33.8539	34.8294	35	34	33	32	31	30	29	28	27	26	25	24	23	22	21	20	19	18	17	16.0001	15.0001	14.0001	13.0001	12.0001	11.0001	10.0001	9.00011	8.00012	7.00014	6.00017	5.00021	4.00027	3.00036	2.00055	1.00112	0.0477796	1.00116	2.00059	3.0004	4.0003	5.00025	6.00021	7.00018	8.00016	9.00015	10.0001	11.0001	12.0001	13.0001	14.0001	15.0001	16.0001	17.0001	18.0001	19.0001	20.0001	21.0001	22.0001	23.0001	24.0001	25.0001	26.0001	27.0001	28.0001	29.0001	30.0001	31.0001	32.0001	33.0001	34.0001	35	34	33	32	31	30	29	28	27	26	25	24	23	22	21.0001	20.0001	19.0001	18.0001	17.0001	16.0001	15.0001	14.0001	13.0001	12.0001	11.0001	10.0001	9.00015	
32.2965	33.2696	34.2442	35.2202	36.1976	36.2	35.2	34.2	33.2	32.2	31.2	30.2	29.2	28.2	27.2	26.2	25.2	24.2	23.2	22.2	21.2	20.2	19.2	18.2	17.2	16.2001	15.2001	14.2001	13.2001	12.2001	11.2001	10.2001	9.20011	8.20013	7.20015	6.20017	5.20021	4.20026	3.20035	2.20052	1.20097	0.205833	0.801502	1.80068	2.80044	3.80033	4.80027	5.80022	6.80019	7.80017	8.80015	9.80014	10.8001	11.8001	12.8001	13.8001	14.8001	15.8001	16.8001	17.8001	18.8001	19.8001	20.8001	21.8001	22.8001	23.8001	24.8001	25.8001	26.8001	27.8001	28.8001	29.8001	30.8001	31.8001	32.8001	33.8001	34.8001	34.4	33.4	32.4	31.4	30.4	29.4	28.4	27.4	26.4	25.4	24.4	23.4	22.4	21.4001	20.4001	19.4001	18.4001	17.4001	16.4001	15.4001	14.4001	13.4001	12.4001	11.4001	10.4001	
33.6595	34.6347	35.6113	36.5891	37.5681	37.4	36.4	35.4	34.4	33.4	32.4	31.4	30.4	29.4	28.4	27.4	26.4	25.4	24.4	23.4	22.4	21.4	20.4	19.4	18.4	17.4001	16.4001	15.4001	14.4001	13.4001	12.4001	11.4001	10.4001	9.40011	8.40013	7.40015	6.40017	5.40021	4.40026	3.40034	2.40049	1.40086	0.403055	0.602074	1.60079	2.60049	3.60036	4.60029	5.60024	6.60021	7.60018	8.60016	9.60015	10.6001	11.6001	12.6001	13.6001	14.6001	15.6001	16.6001	17.6001	18.6001	19.6001	20.6001	21.6001	22.6001	23.6001	24.6001	25.6001	26.6001	27.6001	28.6001	29.6001	30.6001	31.6001	32.6001	33.6001	34.6001	34.8	33.8	32.8	31.8	30.8	29.8	28.8	27.8	26.8	25.8	24.8	23.8	22.8001	21.8001	20.8001	19.8001	18.8001	17.8001	16.8001	15.8001	14.8001	13.8001	12.8001	11.8001	
35.0254	36.0025	36.9808	37.9602	38.9407	38.6	37.6	36.6	35.6	34.6	33.6	32.6	31.6	30.6	29.6	28.6	27.6	26.6	25.6	24.6	23.6	22.6	21.6	20.6	19.6	18.6	17.6001	16.6001	15.6001	14.6001	13.6001	12.6001	11.6001	10.6001	9.60011	8.60013	7.60015	6.60017	5.60021	4.60026	3.60034	2.60047	1.60078	0.602114	0.403214	1.40094	2.40055	3.4004	4.40031	5.40026	6.40022	7.40019	8.40017	9.40016	10.4001	11.4001	12.4001	13.4001	14.4001	15.4001	16.4001	17.4001	18.4001	19.4001	20.4001	21.4001	22.4001	23.4001	24.4001	25.4001	26.4001	27.4001	28.4001	29.4001	30.4001	31.4001	32.4001	33.4001	34.4001	35.2	34.2	33.2	32.2	31.2	30.2	29.2	28.2	27.2	26.2	25.2	24.2	23.2001	22.2001	21.2001	20.2001	19.2001	18.2001	17.2001	16.2001	15.2001	14.2001	13.2001	
36.3939	37.3726	38.3525	39.3334	40.3152	39.8	38.8	37.8	36.8	35.8	34.8	33.8	32.8	31.8	30.8	29.8	28.8	27.8	26.8	25.8	24.8	23.8	22.8	21.8	20.8	19.8	18.8001	17.8001	16.8001	15.8001	14.8001	13.8001	12.8001	11.8001	10.8001	9.80012	8.80013	7.80015	6.80018	5.80021	4.80026	3.80033	2.80045	1.80072	0.801642	0.20657	1.20113	2.20063	3.20044	4.20034	5.20028	6.20024	7.20021	8.20018	9.20017	10.2002	11.2001	12.2001	13.2001	14.2001	15.2001	16.2001	17.2001	18.2001	19.2001	20.2001	21.2001	22.2001	23.2001	24.2001	25.2001	26.2001	27.2001	28.2001	29.2001	30.2001	31.2001	32.2001	33.2001	34.2001	35.2001	34.6	33.6	32.6	31.6	30.6	29.6	28.6	27.6	26.6	25.6	24.6	23.6001	22.6001	21.6001	20.6001	19.6001	18.6001	17.6001	16.6001	15.6001	14.6001	
37.7647	38.745	39.7262	40.7084	41.6914	41	40	39	38	37	36	35	34	33	32	31	30	29	28	27	26	25	24	23	22	21	20	19.0001	18.0001	17.0001	16.0001	15.0001	14.0001	13.0001	12.0001	11.0001	10.0001	9.00013	8.00015	7.00018	6.00021	5.00026	4.00032	3.00044	2.00067	1.00136	0.0525576	1.0014	2.00071	3.00048	4.00037	5.0003	6.00025	7.00022	8.00019	9.00017	10.0002	11.0001	12.0001	13.0001	14.0001	15.0001	16.0001	17.0001	18.0001	19.0001	20.0001	21.0001	22.0001	23.0001	24.0001	25.0001	26.0001	27.0001	28.0001	29.0001	30.0001	31.0001	32.0001	33.0001	34.0001	35.0001	35	34	33	32	31	30	29	28	27	26	25.0001	24.0001	23.0001	22.0001	21.0001	20.0001	19.0001	18.0001	17.0001	16.0001	
39.1376	40.1192	41.1017	42.085	43.0691	42.2	41.2	40.2	39.2	38.2	37.2	36.2	35.2	34.2	33.2	32.2	31.2	30.2	29.2	28.2	27.2	26.2	25.2	24.2	23.2	22.2	21.2	20.2	19.2001	18.2001	17.2001	16.2001	15.2001	14.2001	13.2001	12.2001	11.2001	10.2001	9.20013	8.20015	7.20018	6.20021	5.20025	4.20032	3.20043	2.20063	1.20117	0.207015	0.801809	1.80082	2.80053	3.8004	4.80032	5.80027	6.80023	7.8002	8.80018	9.80017	10.8002	11.8001	12.8001	13.8001	14.8001	15.8001	16.8001	17.8001	18.8001	19.8001	20.8001	21.8001	22.8001	23.8001	24.8001	25.8001	26.8001	27.8001	28.8001	29.8001	30.8001	31.8001	32.8001	33.8001	34.8001	35.4	34.4	33.4	32.4	31.4	30.4	29.4	28.4	27.4	26.4	25.4001	24.4001	23.4001	22.4001	21.4001	20.4001	19.4001	18.4001	17.4001	
40.5123	41.4951	42.4788	43.4631	44.4	43.4	42.4	41.4	40.4	39.4	38.4	37.4	36.4	35.4	34.4	33.4	32.4	31.4	30.4	29.4	28.4	27.4	26.4	25.4	24.4	23.4	22.4	21.4	20.4001	19.4001	18.4001	17.4001	16.4001	15.4001	14.4001	13.4001	12.4001	11.4001	10.4001	9.40014	8.40015	7.40018	6.40021	5.40025	4.40032	3.40041	2.4006	1.40104	0.40367	0.602489	1.60095	2.60059	3.60043	4.60034	5.60029	6.60025	7.60022	8.60019	9.60018	10.6002	11.6001	12.6001	13.6001	14.6001	15.6001	16.6001	17.6001	18.6001	19.6001	20.6001	21.6001	22.6001	23.6001	24.6001	25.6001	26.6001	27.6001	28.6001	29.6001	30.6001	31.6001	32.6001	33.6001	34.6001	35.6001	34.8	33.8	32.8	31.8	30.8	29.8	28.8	27.8	26.8001	25.8001	24.8001	23.8001	22.8001	21.8001	20.8001	19.8001	18.8001	
41.8887	42.8726	43.8573	44.8426	45.6	44.6	43.6	42.6	41.6	40.6	39.6	38.6	37.6	36.6	35.6	34.6	33.6	32.6	31.6	30.6	29.6	28.6	27.6	26.6	25.6	24.6	23.6	22.6	21.6	20.6001	19.6001	18.6001	17.6001	16.6001	15.6001	14.6001	13.6001	12.6001	11.6001	10.6001	9.60014	8.60016	7.60018	6.60021	5.60025	4.60031	3.6004	2.60057	1.60094	0.602532	0.403843	1.40112	2.40066	3.40047	4.40037	5.40031	6.40026	7.40023	8.4002	9.40019	10.4002	11.4002	12.4001	13.4001	14.4001	15.4001	16.4001	17.4001	18.4001	19.4001	20.4001	21.4001	22.4001	23.4001	24.4001	25.4001	26.4001	27.4001	28.4001	29.4001	30.4001	31.4001	32.4001	33.4001	34.4001	35.4001	35.2	34.2	33.2	32.2	31.2	30.2	29.2	28.2	27.2001	26.2001	25.2001	24.2001	23.2001	22.2001	21.2001	20.2001	
43.2666	44.2515	45.2371	46.2234	46.8	45.8	44.8	43.8	42.8	41.8	40.8	39.8	38.8	37.8	36.8	35.8	34.8	33.8	32.8	31.8	30.8	29.8	28.8	27.8	26.8	25.8	24.8	23.8	22.8	21.8001	20.8001	19.8001	18.8001	17.8001	16.8001	15.8001	14.8001	13.8001	12.8001	11.8001	10.8001	9.80014	8.80016	7.80018	6.80021	5.80025	4.80031	3.8004	2.80055	1.80086	0.801962	0.207816	1.20135	2.20074	3.20052	4.2004	5.20033	6.20028	7.20024	8.20022	9.2002	10.2002	11.2002	12.2002	13.2001	14.2001	15.2001	16.2001	17.2001	18.2001	19.2001	20.2001	21.2001	22.2001	23.2001	24.2001	25.2001	26.2001	27.2001	28.2001	29.2001	30.2001	31.2001	32.2001	33.2001	34.2001	35.2001	35.6	34.6	33.6	32.6	31.6	30.6	29.6	28.6	27.6001	26.6001	25.6001	24.6001	23.6001	22.6001	21.6001	
44.6459	45.6317	46.6182	47.6052	48	47	46	45	44	43	42	41	40	39	38	37	36	35	34	33	32	31	30	29	28	27	26	25	24	23	22.0001	21.0001	20.0001	19.0001	18.0001	17.0001	16.0001	15.0001	14.0001	13.0001	12.0001	11.0001	10.0001	9.00016	8.00018	7.00021	6.00025	5.00031	4.00039	3.00053	2.0008	1.00162	0.0573355	1.00167	2.00084	3.00057	4.00043	5.00035	6.0003	7.00026	8.00023	9.00021	10.0002	11.0002	12.0002	13.0001	14.0001	15.0001	16.0001	17.0001	18.0001	19.0001	20.0001	21.0001	22.0001	23.0001	24.0001	25.0001	26.0001	27.0001	28.0001	29.0001	30.0001	31.0001	32.0001	33.0001	34.0001	35.0001	36	35	34	33	32	31	30	29.0001	28.0001	27.0001	26.0001	25.0001	24.0001	23.0001	
46.0264	47.0131	48.0003	48.9881	49.2	48.2	47.2	46.2	45.2	44.2	43.2	42.2	41.2	40.2	39.2	38.2	37.2	36.2	35.2	34.2	33.2	32.2	31.2	30.2	29.2	28.2	27.2	26.2	25.2	24.2	23.2001	22.2001	21.2001	20.2001	19.2001	18.2001	17.2001	16.2001	15.2001	14.2001	13.2001	12.2001	11.2001	10.2001	9.20016	8.20018	7.20021	6.20025	5.2003	4.20038	3.20051	2.20075	1.20139	0.208299	0.802144	1.80097	2.80063	3.80047	4.80038	5.80032	6.80027	7.80024	8.80022	9.8002	10.8002	11.8002	12.8002	13.8001	14.8001	15.8001	16.8001	17.8001	18.8001	19.8001	20.8001	21.8001	22.8001	23.8001	24.8001	25.8001	26.8001	27.8001	28.8001	29.8001	30.8001	31.8001	32.8001	33.8001	34.8001	35.8001	35.4	34.4	33.4	32.4	31.4	30.4	29.4001	28.4001	27.4001	26.4001	25.4001	24.4001	
47.4081	48.3955	49.3835	50.3719	50.4	49.4	48.4	47.4	46.4	45.4	44.4	43.4	42.4	41.4	40.4	39.4	38.4	37.4	36.4	35.4	34.4	33.4	32.4	31.4	30.4	29.4	28.4	27.4	26.4	25.4	24.4	23.4001	22.4001	21.4001	20.4001	19.4001	18.4001	17.4001	16.4001	15.4001	14.4001	13.4001	12.4001	11.4001	10.4001	9.40016	8.40019	7.40021	6.40025	5.4003	4.40038	3.40049	2.40071	1.40123	0.404341	0.602942	1.60112	2.6007	3.60051	4.60041	5.60034	6.60029	7.60025	8.60023	9.60021	10.6002	11.6002	12.6002	13.6002	14.6001	15.6001	16.6001	17.6001	18.6001	19.6001	20.6001	21.6001	22.6001	23.6001	24.6001	25.6001	26.6001	27.6001	28.6001	29.6001	30.6001	31.6001	32.6001	33.6001	34.6001	35.6001	35.8	34.8	33.8	32.8	31.8	30.8001	29.8001	28.8001	27.8001	26.8001	25.8001	
48.7908	49.779	50.7676	51.7566	51.6	50.6	49.6	48.6	47.6	46.6	45.6	44.6	43.6	42.6	41.6	40.6	39.6	38.6	37.6	36.6	35.6	34.6	33.6	32.6	31.6	30.6	29.6	28.6	27.6	26.6	25.6	24.6	23.6001	22.6001	21.6001	20.6001	19.6001	18.6001	17.6001	16.6001	15.6001	14.6001	13.6001	12.6001	11.6001	10.6001	9.60016	8.60019	7.60021	6.60025	5.6003	4.60037	3.60048	2.60067	1.60111	0.602989	0.404529	1.40132	2.40078	3.40056	4.40044	5.40036	6.40031	7.40027	8.40024	9.40022	10.4002	11.4002	12.4002	13.4002	14.4001	15.4001	16.4001	17.4001	18.4001	19.4001	20.4001	21.4001	22.4001	23.4001	24.4001	25.4001	26.4001	27.4001	28.4001	29.4001	30.4001	31.4001	32.4001	33.4001	34.4001	35.4001	36.2	35.2	34.2	33.2	32.2	31.2001	30.2001	29.2001	28.2001	27.2001	
50.1745	51.1633	52.1525	53.1421	52.8	51.8	50.8	49.8	48.8	47.8	46.8	45.8	44.8	43.8	42.8	41.8	40.8	39.8	38.8	37.8	36.8	35.8	34.8	33.8	32.8	31.8	30.8	29.8	28.8	27.8	26.8	25.8	24.8001	23.8001	22.8001	21.8001	20.8001	19.8001	18.8001	17.8001	16.8001	15.8001	14.8001	13.8001	12.8001	11.8001	10.8001	9.80017	8.80019	7.80022	6.80025	5.8003	4.80037	3.80047	2.80064	1.80101	0.80231	0.209165	1.20158	2.20087	3.20061	4.20047	5.20038	6.20033	7.20028	8.20025	9.20023	10.2002	11.2002	12.2002	13.2002	14.2002	15.2001	16.2001	17.2001	18.2001	19.2001	20.2001	21.2001	22.2001	23.2001	24.2001	25.2001	26.2001	27.2001	28.2001	29.2001	30.2001	31.2001	32.2001	33.2001	34.2001	35.2001	36.2001	35.6	34.6	33.6	32.6	31.6001	30.6001	29.6001	28.6001	
51.5591	52.5484	53.5382	54.5283	54	53	52	51	50	49	48	47	46	45	44	43	42	41	40	39	38	37	36	35	34	33	32	31	30	29	28	27	26	25.0001	24.0001	23.0001	22.0001	21.0001	20.0001	19.0001	18.0001	17.0001	16.0001	15.0001	14.0001	13.0001	12.0001	11.0002	10.0002	9.00019	8.00022	7.00025	6.0003	5.00036	4.00046	3.00062	2.00094	1.0019	0.0621135	1.00195	2.00099	3.00067	4.00051	5.00041	6.00035	7.0003	8.00027	9.00024	10.0002	11.0002	12.0002	13.0002	14.0002	15.0002	16.0001	17.0001	18.0001	19.0001	20.0001	21.0001	22.0001	23.0001	24.0001	25.0001	26.0001	27.0001	28.0001	29.0001	30.0001	31.0001	32.0001	33.0001	34.0001	35.0001	36.0001	36	35	34	33.0001	32.0001	31.0001	30.0001	
52.9445	53.9344	54.9246	55.9153	55.2	54.2	53.2	52.2	51.2	50.2	49.2	48.2	47.2	46.2	45.2	44.2	43.2	42.2	41.2	40.2	39.2	38.2	37.2	36.2	35.2	34.2	33.2	32.2	31.2	30.2	29.2	28.2	27.2	26.2001	25.2001	24.2001	23.2001	22.2001	21.2001	20.2001	19.2001	18.2001	17.2001	16.2001	15.2001	14.2001	13.2001	12.2001	11.2002	10.2002	9.20019	8.20022	7.20025	6.2003	5.20036	4.20045	3.2006	2.20088	1.20163	0.209685	0.802507	1.80113	2.80074	3.80055	4.80044	5.80037	6.80032	7.80028	8.80025	9.80023	10.8002	11.8002	12.8002	13.8002	14.8002	15.8002	16.8001	17.8001	18.8001	19.8001	20.8001	21.8001	22.8001	23.8001	24.8001	25.8001	26.8001	27.8001	28.8001	29.8001	30.8001	31.8001	32.8001	33.8001	34.8001	35.8001	36.4	35.4	34.4	33.4001	32.4001	31.4001	
54.3306	55.321	56.3117	57.3028	56.4	55.4	54.4	53.4	52.4	51.4	50.4	49.4	48.4	47.4	46.4	45.4	44.4	43.4	42.4	41.4	40.4	39.4	38.4	37.4	36.4	35.4	34.4	33.4	32.4	31.4	30.4	29.4	28.4	27.4	26.4001	25.4001	24.4001	23.4001	22.4001	21.4001	20.4001	19.4001	18.4001	17.4001	16.4001	15.4001	14.4001	13.4001	12.4001	11.4002	10.4002	9.40019	8.40022	7.40025	6.40029	5.40035	4.40044	3.40058	2.40083	1.40144	0.405066	0.603432	1.60131	2.60081	3.60059	4.60047	5.60039	6.60034	7.6003	8.60026	9.60024	10.6002	11.6002	12.6002	13.6002	14.6002	15.6002	16.6001	17.6001	18.6001	19.6001	20.6001	21.6001	22.6001	23.6001	24.6001	25.6001	26.6001	27.6001	28.6001	29.6001	30.6001	31.6001	32.6001	33.6001	34.6001	35.6001	36.6001	35.8	34.8001	33.8001	32.8001	
55.7174	56.7083	57.6995	58.6	57.6	56.6	55.6	54.6	53.6	52.6	51.6	50.6	49.6	48.6	47.6	46.6	45.6	44.6	43.6	42.6	41.6	40.6	39.6	38.6	37.6	36.6	35.6	34.6	33.6	32.6	31.6	30.6	29.6	28.6	27.6001	26.6001	25.6001	24.6001	23.6001	22.6001	21.6001	20.6001	19.6001	18.6001	17.6001	16.6001	15.6001	14.6001	13.6001	12.6001	11.6002	10.6002	9.60019	8.60022	7.60025	6.60029	5.60035	4.60043	3.60056	2.60079	1.60129	0.603483	0.405269	1.40153	2.40091	3.40065	4.40051	5.40042	6.40036	7.40031	8.40028	9.40025	10.4002	11.4002	12.4002	13.4002	14.4002	15.4002	16.4002	17.4001	18.4001	19.4001	20.4001	21.4001	22.4001	23.4001	24.4001	25.4001	26.4001	27.4001	28.4001	29.4001	30.4001	31.4001	32.4001	33.4001	34.4001	35.4001	36.4001	36.2	35.2001	34.2001	
57.1049	58.0962	59.0878	59.8	58.8	57.8	56.8	55.8	54.8	53.8	52.8	51.8	50.8	49.8	48.8	47.8	46.8	45.8	44.8	43.8	42.8	41.8	40.8	39.8	38.8	37.8	36.8	35.8	34.8	33.8	32.8	31.8	30.8	29.8	28.8	27.8001	26.8001	25.8001	24.8001	23.8001	22.8001	21.8001	20.8001	19.8001	18.8001	17.8001	16.8001	15.8001	14.8001	13.8001	12.8001	11.8002	10.8002	9.8002	8.80022	7.80025	6.80029	5.80035	4.80043	3.80055	2.80075	1.80118	0.802686	0.210613	1.20184	2.20101	3.20071	4.20054	5.20044	6.20038	7.20033	8.20029	9.20026	10.2002	11.2002	12.2002	13.2002	14.2002	15.2002	16.2002	17.2002	18.2001	19.2001	20.2001	21.2001	22.2001	23.2001	24.2001	25.2001	26.2001	27.2001	28.2001	29.2001	30.2001	31.2001	32.2001	33.2001	34.2001	35.2001	36.2001	36.6001	35.6001	
58.4929	59.4846	60.4766	61	60	59	58	57	56	55	54	53	52	51	50	49	48	47	46	45	44	43	42	41	40	39	38	37	36	35	34	33	32	31	30	29.0001	28.0001	27.0001	26.0001	25.0001	24.0001	23.0001	22.0001	21.0001	20.0001	19.0001	18.0001	17.0001	16.0001	15.0001	14.0001	13.0001	12.0002	11.0002	10.0002	9.00022	8.00025	7.00029	6.00035	5.00042	4.00053	3.00072	2.00109	1.00221	0.0668914	1.00226	2.00114	3.00077	4.00059	5.00047	6.0004	7.00035	8.00031	9.00028	10.0003	11.0002	12.0002	13.0002	14.0002	15.0002	16.0002	17.0002	18.0002	19.0001	20.0001	21.0001	22.0001	23.0001	24.0001	25.0001	26.0001	27.0001	28.0001	29.0001	30.0001	31.0001	32.0001	33.0001	34.0001	35.0001	36.0001	37.0001	
59.8815	60.8736	61.866	62.2	61.2	60.2	59.2	58.2	57.2	56.2	55.2	54.2	53.2	52.2	51.2	50.2	49.2	48.2	47.2	46.2	45.2	44.2	43.2	42.2	41.2	40.2	39.2	38.2	37.2	36.2	35.2	34.2	33.2	32.2	31.2	30.2	29.2001	28.2001	27.2001	26.2001	25.2001	24.2001	23.2001	22.2001	21.2001	20.2001	19.2001	18.2001	17.2001	16.2001	15.2001	14.2001	13.2001	12.2002	11.2002	10.2002	9.20022	8.20025	7.20029	6.20034	5.20042	4.20052	3.20069	2.20102	1.20189	0.211169	0.802899	1.80131	2.80085	3.80063	4.80051	5.80042	6.80037	7.80032	8.80029	9.80026	10.8002	11.8002	12.8002	13.8002	14.8002	15.8002	16.8002	17.8002	18.8001	19.8001	20.8001	21.8001	22.8001	23.8001	24.8001	25.8001	26.8001	27.8001	28.8001	29.8001	30.8001	31.8001	32.8001	33.8001	34.8001	35.8001	
61.2707	62.2631	63.2558	63.4	62.4	61.4	60.4	59.4	58.4	57.4	56.4	55.4	54.4	53.4	52.4	51.4	50.4	49.4	48.4	47.4	46.4	45.4	44.4	43.4	42.4	41.4	40.4	39.4	38.4	37.4	36.4	35.4	34.4	33.4	32.4	31.4	30.4001	29.4001	28.4001	27.4001	26.4001	25.4001	24.4001	23.4001	22.4001	21.4001	20.4001	19.4001	18.4001	17.4001	16.4001	15.4001	14.4001	13.4001	12.4002	11.4002	10.4002	9.40022	8.40025	7.40029	6.40034	5.40041	4.40051	3.40067	2.40096	1.40166	0.405847	0.603959	1.60151	2.60094	3.60068	4.60054	5.60045	6.60039	7.60034	8.6003	9.60027	10.6003	11.6002	12.6002	13.6002	14.6002	15.6002	16.6002	17.6002	18.6002	19.6001	20.6001	21.6001	22.6001	23.6001	24.6001	25.6001	26.6001	27.6001	28.6001	29.6001	30.6001	31.6001	32.6001	33.6001	34.6001	
62.6603	63.6531	64.6461	64.6	63.6	62.6	61.6	60.6	59.6	58.6	57.6	56.6	55.6	54.6	53.6	52.6	51.6	50.6	49.6	48.6	47.6	46.6	45.6	44.6	43.6	42.6	41.6	40.6	39.6	38.6	37.6	36.6	35.6	34.6	33.6	32.6	31.6	30.6001	29.6001	28.6001	27.6001	26.6001	25.6001	24.6001	23.6001	22.6001	21.6001	20.6001	19.6001	18.6001	17.6001	16.6001	15.6001	14.6001	13.6002	12.6002	11.6002	10.6002	9.60023	8.60026	7.60029	6.60034	5.60041	4.6005	3.60065	2.60091	1.60149	0.604014	0.406065	1.40176	2.40104	3.40074	4.40058	5.40048	6.40041	7.40036	8.40032	9.40029	10.4003	11.4002	12.4002	13.4002	14.4002	15.4002	16.4002	17.4002	18.4002	19.4002	20.4001	21.4001	22.4001	23.4001	24.4001	25.4001	26.4001	27.4001	28.4001	29.4001	30.4001	31.4001	32.4001	33.4001	
64.0504	65.0434	66.0367	65.8	64.8	63.8	62.8	61.8	60.8	59.8	58.8	57.8	56.8	55.8	54.8	53.8	52.8	51.8	50.8	49.8	48.8	47.8	46.8	45.8	44.8	43.8	42.8	41.8	40.8	39.8	38.8	37.8	36.8	35.8	34.8	33.8	32.8	31.8001	30.8001	29.8001	28.8001	27.8001	26.8001	25.8001	24.8001	23.8001	22.8001	21.8001	20.8001	19.8001	18.8001	17.8001	16.8001	15.8001	14.8001	13.8002	12.8002	11.8002	10.8002	9.80023	8.80026	7.80029	6.80034	5.8004	4.80049	3.80063	2.80086	1.80136	0.803091	0.21216	1.20211	2.20116	3.20081	4.20062	5.20051	6.20043	7.20038	8.20033	9.2003	10.2003	11.2003	12.2002	13.2002	14.2002	15.2002	16.2002	17.2002	18.2002	19.2002	20.2002	21.2001	22.2001	23.2001	24.2001	25.2001	26.2001	27.2001	28.2001	29.2001	30.2001	31.2001	32.2001	
65.4409	66.4342	67.4278	67	66	65	64	63	62	61	60	59	58	57	56	55	54	53	52	51	50	49	48	47	46	45	44	43	42	41	40	39	38	37	36	35	34	33	32.0001	31.0001	30.0001	29.0001	28.0001	27.0001	26.0001	25.0001	24.0001	23.0001	22.0001	21.0001	20.0001	19.0001	18.0001	17.0001	16.0001	15.0001	14.0002	13.0002	12.0002	11.0002	10.0002	9.00026	8.00029	7.00034	6.0004	5.00049	4.00061	3.00083	2.00126	1.00254	0.0716694	1.00259	2.00131	3.00088	4.00067	5.00054	6.00046	7.0004	8.00035	9.00031	10.0003	11.0003	12.0002	13.0002	14.0002	15.0002	16.0002	17.0002	18.0002	19.0002	20.0002	21.0002	22.0001	23.0001	24.0001	25.0001	26.0001	27.0001	28.0001	29.0001	30.0001	31.0001	
66.8318	67.8254	68.8192	68.2	67.2	66.2	65.2	64.2	63.2	62.2	61.2	60.2	59.2	58.2	57.2	56.2	55.2	54.2	53.2	52.2	51.2	50.2	49.2	48.2	47.2	46.2	45.2	44.2	43.2	42.2	41.2	40.2	39.2	38.2	37.2	36.2	35.2	34.2	33.2001	32.2001	31.2001	30.2001	29.2001	28.2001	27.2001	26.2001	25.2001	24.2001	23.2001	22.2001	21.2001	20.2001	19.2001	18.2001	17.2001	16.2001	15.2001	14.2002	13.2002	12.2002	11.2002	10.2002	9.20026	8.20029	7.20034	6.2004	5.20048	4.2006	3.2008	2.20117	1.20217	0.212751	0.803319	1.80149	2.80097	3.80072	4.80058	5.80048	6.80042	7.80037	8.80033	9.8003	10.8003	11.8003	12.8002	13.8002	14.8002	15.8002	16.8002	17.8002	18.8002	19.8002	20.8002	21.8001	22.8001	23.8001	24.8001	25.8001	26.8001	27.8001	28.8001	29.8001	
68.223	69.2169	70.211	69.4	68.4	67.4	66.4	65.4	64.4	63.4	62.4	61.4	60.4	59.4	58.4	57.4	56.4	55.4	54.4	53.4	52.4	51.4	50.4	49.4	48.4	47.4	46.4	45.4	44.4	43.4	42.4	41.4	40.4	39.4	38.4	37.4	36.4	35.4	34.4	33.4001	32.4001	31.4001	30.4001	29.4001	28.4001	27.4001	26.4001	25.4001	24.4001	23.4001	22.4001	21.4001	20.4001	19.4001	18.4001	17.4001	16.4001	15.4001	14.4002	13.4002	12.4002	11.4002	10.4002	9.40026	8.40029	7.40034	6.40039	5.40047	4.40059	3.40077	2.4011	1.4019	0.406683	0.604524	1.60172	2.60107	3.60078	4.60062	5.60051	6.60044	7.60039	8.60034	9.60031	10.6003	11.6003	12.6002	13.6002	14.6002	15.6002	16.6002	17.6002	18.6002	19.6002	20.6002	21.6002	22.6001	23.6001	24.6001	25.6001	26.6001	27.6001	28.6001	
69.6146	70.6088	71.6	70.6	69.6	68.6	67.6	66.6	65.6	64.6	63.6	62.6	61.6	60.6	59.6	58.6	57.6	56.6	55.6	54.6	53.6	52.6	51.6	50.6	49.6	48.6	47.6	46.6	45.6	44.6	43.6	42.6	41.6	40.6	39.6	38.6	37.6	36.6	35.6	34.6001	33.6001	32.6001	31.6001	30.6001	29.6001	28.6001	27.6001	26.6001	25.6001	24.6001	23.6001	22.6001	21.6001	20.6001	19.6001	18.6001	17.6001	16.6001	15.6001	14.6002	13.6002	12.6002	11.6002	10.6002	9.60026	8.60029	7.60034	6.60039	5.60047	4.60057	3.60074	2.60104	1.60171	0.604583	0.406914	1.40201	2.40119	3.40085	4.40066	5.40054	6.40046	7.40041	8.40036	9.40033	10.4003	11.4003	12.4003	13.4002	14.4002	15.4002	16.4002	17.4002	18.4002	19.4002	20.4002	21.4002	22.4002	23.4001	24.4001	25.4001	26.4001	27.4001	
71.0066	72.0009	72.8	71.8	70.8	69.8	68.8	67.8	66.8	65.8	64.8	63.8	62.8	61.8	60.8	59.8	58.8	57.8	56.8	55.8	54.8	53.8	52.8	51.8	50.8	49.8	48.8	47.8	46.8	45.8	44.8	43.8	42.8	41.8	40.8	39.8	38.8	37.8	36.8	35.8	34.8001	33.8001	32.8001	31.8001	30.8001	29.8001	28.8001	27.8001	26.8001	25.8001	24.8001	23.8001	22.8001	21.8001	20.8001	19.8001	18.8001	17.8001	16.8001	15.8002	14.8002	13.8002	12.8002	11.8002	10.8002	9.80026	8.80029	7.80034	6.80039	5.80046	4.80056	3.80072	2.80099	1.80155	0.803524	0.213801	1.2024	2.20132	3.20092	4.20071	5.20058	6.20049	7.20043	8.20038	9.20034	10.2003	11.2003	12.2003	13.2002	14.2002	15.2002	16.2002	17.2002	18.2002	19.2002	20.2002	21.2002	22.2002	23.2002	24.2001	25.2001	26.2001	
72.3988	73.3934	74	73	72	71	70	69	68	67	66	65	64	63	62	61	60	59	58	57	56	55	54	53	52	51	50	49	48	47	46	45	44	43	42	41	40	39	38	37	36.0001	35.0001	34.0001	33.0001	32.0001	31.0001	30.0001	29.0001	28.0001	27.0001	26.0001	25.0001	24.0001	23.0001	22.0001	21.0001	20.0001	19.0001	18.0001	17.0001	16.0002	15.0002	14.0002	13.0002	12.0002	11.0002	10.0003	9.00029	8.00033	7.00039	6.00046	5.00055	4.0007	3.00094	2.00143	1.00289	0.0764474	1.00295	2.00149	3.001	4.00076	5.00061	6.00052	7.00045	8.0004	9.00036	10.0003	11.0003	12.0003	13.0003	14.0002	15.0002	16.0002	17.0002	18.0002	19.0002	20.0002	21.0002	22.0002	23.0002	24.0002	25.0001	
73.7914	74.7861	75.2	74.2	73.2	72.2	71.2	70.2	69.2	68.2	67.2	66.2	65.2	64.2	63.2	62.2	61.2	60.2	59.2	58.2	57.2	56.2	55.2	54.2	53.2	52.2	51.2	50.2	49.2	48.2	47.2	46.2	45.2	44.2	43.2	42.2	41.2	40.2	39.2	38.2	37.2	36.2001	35.2001	34.2001	33.2001	32.2001	31.2001	30.2001	29.2001	28.2001	27.2001	26.2001	25.2001	24.2001	23.2001	22.2001	21.2001	20.2001	19.2001	18.2001	17.2001	16.2002	15.2002	14.2002	13.2002	12.2002	11.2002	10.2003	9.20029	8.20033	7.20039	6.20045	5.20055	4.20068	3.20091	2.20133	1.20246	0.214427	0.803766	1.80169	2.8011	3.80082	4.80065	5.80055	6.80047	7.80041	8.80037	9.80034	10.8003	11.8003	12.8003	13.8002	14.8002	15.8002	16.8002	17.8002	18.8002	19.8002	20.8002	21.8002	22.8002	23.8002	
