final_path
0	30	10	-270	-5.625	1.5708
0.1	31.0069	10.0693	-268.993	-5.625	1.5708
0.2	32.0235	10.1652	-267.977	-5.625	1.5708
0.3	33.0532	10.2973	-266.947	-5.625	1.5708
0.4	34.0898	10.4354	-265.91	-5.625	1.5708
0.5	35.1403	10.5734	-264.86	-5.625	1.5708
0.6	36.2045	10.7115	-263.795	-5.625	1.5708
0.7	37.2826	10.8496	-262.717	-5.625	1.5708
0.8	38.3744	10.9876	-261.626	-5.625	1.5708
0.9	39.4801	11.1257	-260.52	-5.625	1.5708
1	40.9378	11.2638	-259.062	-5.625	1.5708
1.1	42.0685	11.3069	-257.931	-5.625	1.5708
1.2	43.2016	11.356	-256.798	-5.625	1.5708
1.3	44.3397	11.4051	-255.66	-5.625	1.5708
1.4	45.4827	11.4542	-254.517	-5.625	1.5708
1.5	46.6306	11.5034	-253.369	-5.625	1.5708
1.6	47.7833	11.5525	-252.217	-5.625	1.5708
1.7	48.941	11.6016	-251.059	-5.625	1.5708
1.8	50.1037	11.6507	-249.896	-5.625	1.5708
1.9	51.2712	11.6998	-248.729	-5.625	1.5708
2	52.6426	11.749	-247.357	-5.625	1.5708
2.1	53.8203	11.8063	-246.18	-5.625	1.5708
2.2	55.0038	11.8637	-244.996	-5.625	1.5708
2.3	56.1931	11.9211	-243.807	-5.625	1.5708
2.4	57.3881	11.9785	-242.612	-5.625	1.5708
2.5	58.6605	12.0359	-241.339	-5.625	1.5708
2.6	59.8676	12.0709	-240.132	-5.625	1.5708
2.7	61.0761	12.0981	-238.924	-5.625	1.5708
2.8	62.2872	12.1252	-237.713	-5.625	1.5708
2.9	63.5011	12.1524	-236.499	-5.625	1.5708
3	64.7177	12.1795	-235.282	-5.625	1.5708
3.1	65.937	12.2067	-234.063	-5.625	1.5708
3.2	67.159	12.2338	-232.841	-5.625	1.5708
3.3	68.3838	12.261	-231.616	-5.625	1.5708
3.4	69.6981	12.2881	-230.302	-5.625	1.5708
3.5	70.9335	12.3535	-229.067	-5.625	1.5708
3.6	72.1725	12.426	-227.828	-5.625	1.5708
3.7	73.4187	12.4985	-226.581	-5.625	1.5708
3.8	74.6722	12.571	-225.328	-5.625	1.5708
3.9	75.9329	12.6434	-224.067	-5.625	1.5708
4	77.2008	12.7159	-222.799	-5.625	1.5708
4.1	78.6065	12.7884	-221.393	-5.625	1.5708
4.2	79.8939	12.8737	-220.106	-5.625	1.5708
4.3	81.185	12.9496	-218.815	-5.625	1.5708
4.4	82.4838	13.0255	-217.516	-5.625	1.5708
4.5	83.7901	13.1014	-216.21	-5.625	1.5708
4.6	85.1041	13.1773	-214.896	-5.625	1.5708
4.7	86.4256	13.2532	-213.574	-5.625	1.5708
4.8	87.7547	13.3291	-212.245	-5.625	1.5708
4.9	89.0914	13.405	-210.909	-5.625	1.5708
end_path
tree
0	30	10	-1
0.1	31.0069	10.0693	0
0.2	32.0622	10.5528	1
0.3	33.1397	10.7747	2
0.2	32.0235	10.1652	1
0.1	30.9932	9.93208	0
0.3	33.1028	10.4418	1170
0.4	34.1246	10.2187	6
0.5	35.1075	10.3092	1091
0.5	35.1611	10.3855	1
0.6	36.061	9.5351	8
0.7	36.9761	9.96029	1895
0.7	37.0053	10.0076	0
0.8	38.0285	10.0409	1895
0.9	39.0471	10.0589	1895
0.4	34.2443	11.0461	3
0.7	36.9716	9.95283	1895
0.5	35.3659	11.0488	1245
1	40.0752	10.0752	0
1.1	41.0931	10.0828	1609
0.6	36.518	11.5209	17
0.7	37.6869	11.6895	20
0.5	35.3362	10.9194	15
0.8	38.8785	11.9158	21
0.9	40.0419	11.6341	23
0.9	40.0903	12.1185	23
1	41.2901	11.4174	1170
1.1	42.4857	12.0699	464
1.2	43.6416	11.8492	1640
0.6	36.4296	10.8304	1170
1.3	44.7809	11.636	26
0.6	36.4244	10.82	1170
1.1	41.0748	10.0748	1895
1.2	42.1556	10.1732	1609
1.3	43.226	10.2135	1064
1.4	45.967	12.1146	1263
1.5	47.1662	11.9912	35
1.4	45.9307	11.4977	30
1.5	47.0872	12.0812	1571
1.2	42.0426	10.0518	2191
1.4	44.3311	11.0509	34
1.6	48.2515	12.0707	1522
1.3	42.9811	9.97465	63
1.2	42.1262	10.1242	1609
0.7	36.9677	9.94631	1895
0.6	36.4804	11.1448	17
1.7	49.437	11.8557	41
1.6	48.2404	12.0584	1522
1.7	49.3688	12.113	627
1.8	50.6008	12.1766	1782
1.8	50.6238	12.4106	1966
1.3	43.156	10.2979	43
0.2	31.951	9.57761	5
1.9	51.7817	11.8141	1720
1.5	45.4136	10.2259	812
1.5	45.4666	10.2922	812
0.7	37.5835	11.032	45
1.8	50.6163	12.3981	1966
1.4	44.2912	10.6519	34
2	52.8976	11.6314	1233
2.1	54.046	11.4832	59
1.2	42.0787	10.1022	692
1.3	42.9974	9.98345	1989
0.7	36.9963	9.99395	1895
1.4	43.9973	9.98572	1989
1.5	44.9885	9.99027	63
1.6	46.4744	10.6085	54
2.2	55.2182	11.4727	119
1.2	42.1042	10.1108	19
1.6	48.3803	12.2043	940
1.7	49.5853	11.8389	631
1.3	43.1154	10.1125	68
1.7	47.5277	9.35721	24
1.3	43.0188	10.0192	1989
1.8	50.4821	11.1328	48
1.7	47.5159	9.34246	24
0.3	32.8637	9.1269	52
1.6	45.9926	10.0405	65
1.8	48.4472	9.31296	75
1.9	49.3946	9.95268	54
2.2	55.1626	11.1668	60
2.3	56.3859	11.6773	67
2.4	57.5369	11.3595	70
2	50.3834	10.3809	61
2.5	58.6605	12.0359	987
2.6	59.8407	11.997	987
2	50.3902	10.3893	61
1.5	45.4347	10.2524	812
2.7	61.0151	11.7432	85
2	50.3915	10.391	61
0.8	38.6929	11.1573	571
1.6	46.6258	11.5918	55
2.8	62.2074	12.0259	2286
0.6	36.5004	11.3456	17
0.7	37.0118	10.0198	1895
1.6	46.5428	11.0803	87
2	50.3979	10.399	61
2.9	63.4267	12.1931	92
1.5	45.4521	10.2741	812
1.6	46.5948	11.2812	55
2	50.3759	10.3715	61
0.9	39.8153	11.2246	90
2.1	51.4125	10.3659	100
1.7	49.6058	12.2549	69
1.6	46.6053	11.3861	55
1	41.3478	12.5742	25
2.9	63.3626	11.5523	92
0.7	37.5071	10.9522	545
2.2	52.4892	10.3722	1646
2.3	53.5904	10.5894	157
0.4	33.7532	9.08949	2227
1.8	50.8303	12.2448	103
2.4	54.679	10.8862	109
0.5	34.5958	8.4254	110
0.5	34.6216	8.68423	110
2.2	52.4549	10.4242	102
1.1	42.6142	11.5998	1170
3	64.5302	11.4178	623
0.7	37.6296	11.0252	1170
1.8	50.6291	12.4195	1966
1.9	49.3286	10.357	61
1.2	43.9255	13.1127	116
3	64.6471	12.2038	97
2.5	55.7613	10.7024	154
2.1	54.0516	11.5399	59
3	64.5126	11.3885	623
2.4	54.7181	10.7008	132
1.9	52.0881	12.5776	111
2.4	54.6988	10.6882	157
3.1	65.6894	11.6727	1590
3.2	66.8297	12.7904	1770
3.3	67.9453	11.3536	2232
1.9	49.3677	10.4128	61
0.3	32.9095	9.60264	162
3.3	67.9814	11.5162	130
1.1	42.6	11.5856	1170
2.3	56.2658	14.0769	313
3.4	69.1379	11.5838	1590
1.8	50.785	12.3113	1830
1.3	45.2324	13.0696	121
3.5	70.2823	11.4441	137
0.6	35.4824	8.60797	114
1.3	42.9793	9.97162	63
0.7	36.3453	8.93519	1929
2.4	57.3483	10.8249	136
2.6	56.8629	11.0158	123
2	50.3681	10.395	120
0.1	30.9794	9.79433	0
2.4	54.7168	10.6982	132
2.5	58.3956	11.2835	47
2.7	58.0001	10.8253	154
0.2	32.0167	10.0979	1
1.7	47.7797	10.6551	2374
3.1	65.8867	12.3958	122
1.9	49.3399	10.3731	61
2.3	53.4932	10.383	115
0.8	37.1971	8.51745	143
1.9	49.3547	10.3942	61
3.6	71.4255	11.5473	1590
1.9	49.3571	10.3976	61
0.9	38.0219	8.24866	156
0.7	37.6341	11.0328	1170
0.2	31.9492	9.69812	147
2	50.3753	10.3707	61
1.4	46.5708	13.3835	139
1	38.8117	8.45513	2158
2.5	58.402	11.2906	47
0.4	33.8672	9.59056	777
1	38.8604	8.52473	2158
2	53.3405	12.7038	1966
1.5	47.9311	13.603	164
0.8	38.5965	10.8941	107
2.7	57.9659	10.7966	120
2.6	59.5243	9.88221	199
1.6	46.4915	10.2873	812
1.1	39.5938	8.37585	2158
2.7	57.9955	10.8196	154
0.7	37.0291	10.0486	1895
2.4	54.5028	10.096	155
2.4	54.6351	10.5905	154
3.7	72.519	10.9357	158
2.7	57.9666	10.7649	157
0.7	36.9773	9.96233	1895
0.8	37.2115	8.66127	143
3.7	72.5725	11.47	158
2.7	57.981	10.7829	157
2.8	59.0083	10.763	96
0.4	33.7765	9.12846	76
1.1	39.5593	8.33276	2158
1.9	52.0642	12.5536	1771
1.2	40.4181	8.26939	1832
1.6	49.2996	13.5042	1907
1.9	49.3646	10.3724	1420
3.8	73.7121	10.9766	1220
1.4	46.5199	12.8691	680
3.2	67.1524	10.9737	271
3.8	73.582	11.3228	1280
1.2	40.2807	7.2132	188
1.2	40.3117	7.52396	188
1.7	50.6303	13.3065	191
2	53.3684	12.6757	1771
1.3	41.2282	8.10013	190
3.3	68.409	12.5662	195
0.9	38.0772	8.64006	2158
1.3	40.9812	7.00565	197
0.7	37.0172	10.0288	1895
1.2	43.8347	12.4978	680
3.1	65.8648	12.1775	122
1.8	51.9689	13.3638	116
2.9	60.0415	10.7403	163
1.4	41.66	6.78801	204
3.4	69.6981	12.3149	2397
1	41.1929	11.6066	1137
0.3	33.1057	10.4345	2
1.1	39.7133	8.52864	168
2	50.2688	10.2557	2025
0.5	34.6549	9.17677	1929
0.4	33.7677	9.04076	76
2	50.2417	10.2169	2025
3.5	70.9916	12.9349	211
3.9	74.6307	10.4868	196
2	50.2403	10.2149	2025
2.9	63.3963	11.4337	623
2.1	54.6885	13.2014	200
1.5	42.3035	6.43455	210
1.7	50.7142	14.1457	191
1.7	50.674	13.7431	191
1.5	42.3605	7.00505	210
1.3	41.0804	7.6869	198
1.8	51.9565	13.3461	116
3.9	74.8845	10.995	986
1.6	42.9042	7.50824	2090
3.4	69.6654	12.2682	2397
1.3	41.0156	7.34902	197
3.1	65.7044	13.3153	948
2.3	53.5709	10.5405	157
1.5	47.8121	12.9947	116
1.7	43.4918	6.10604	210
2.2	56.0266	12.8415	103
1.8	52.1742	13.8517	1907
1.9	53.6578	14.836	239
4	75.6457	10.9777	368
3	61.0731	9.84882	1726
1.9	51.5659	11.9629	1154
1.7	43.5024	6.14126	210
3.2	67.1188	10.9363	271
1.8	44.129	6.26574	244
3.8	73.6103	11.0932	140
2	50.2322	10.2034	2025
1.2	40.5835	8.46156	1913
1.1	42.3419	11.6853	1640
1.3	41.459	8.47144	781
1	38.9407	8.56341	1832
1.9	52.0495	12.1916	111
0.5	34.6434	8.90154	110
1.9	44.7713	6.42293	246
2.3	57.3186	12.9203	238
3.1	62.1032	10.9886	276
1.8	52.135	13.3885	680
1.2	40.3069	7.4755	188
2	50.3598	9.71358	66
3.6	72.3232	13.3159	219
1.4	42.0403	8.12107	201
1.2	42.0737	10.0887	14
2.2	56.013	12.8143	103
1.8	52.0701	13.9617	226
1.6	48.3597	12.1814	940
2.4	58.6309	13.1227	256
2.4	54.5256	10.3769	102
1.6	42.959	6.55552	224
2	50.254	10.2346	2025
2.3	57.2761	12.6312	264
0.7	37.5251	10.9972	545
2	50.2672	10.2534	2025
4	75.6768	10.7889	140
1.9	53.4645	13.9441	265
2.5	55.5101	10.575	77
2	55.1321	14.7426	240
1.7	47.6582	11.0641	43
0.5	34.8014	9.34145	167
1.9	51.8047	12.1613	1782
2	54.8384	13.7381	275
1.9	53.287	13.3053	229
2.1	56.207	13.6865	281
2.2	57.6208	14.1385	283
3.9	74.8468	10.987	472
1.7	47.5356	9.3671	24
1.4	41.7504	7.34854	233
0.3	33.0283	10.1159	151
0.5	35.3514	11.0713	15
3.1	62.069	10.9315	276
2	50.2565	10.2381	2025
1.4	42.3475	8.2796	850
2	50.2412	10.2163	2025
2	53.3078	12.4363	189
3.4	69.6622	12.2636	2397
2.1	51.3116	10.2772	2025
2.1	56.6441	15.1196	277
2.1	56.5969	14.0605	2290
2.1	51.3343	10.284	61
2	50.2849	10.2577	61
2.7	60.5154	9.91133	173
1.4	42.3715	8.51783	2256
1.5	42.4998	7.72084	2437
3.6	72.2976	13.0602	219
2	45.4486	6.56718	2047
1	38.8487	8.50803	2158
2.2	58.1871	15.4305	297
2.2	57.5534	13.464	283
2.1	54.6524	12.8398	200
1.6	43.2464	7.5616	156
2.1	46.1465	6.97975	305
1.5	43.1787	8.26966	2337
1.7	47.8197	10.6995	2374
3.2	67.0582	12.5273	616
4.1	76.6664	12.4428	2148
2.3	59.0067	13.8555	275
3.1	62.1101	10.992	1892
2.4	57.6575	11.5129	1704
2.2	46.8672	6.51976	2120
2.4	58.6132	12.9464	256
2.2	58.1484	15.0433	297
1.6	49.117	13.0491	236
4	76.0884	12.0389	230
1.8	50.7933	12.3231	1830
2.3	59.726	15.389	307
1.3	43.0031	9.99306	1989
4.1	76.7386	12.523	2148
0.6	36.1967	10.4363	818
1.6	43.2478	7.56339	156
1.9	53.5597	14.2468	258
2	50.2561	10.2376	2025
1.4	42.3492	8.28165	850
3.2	63.167	10.9385	276
4.1	77.3196	11.3836	1597
1.5	42.8615	8.21186	262
2.3	59.0438	14.2295	284
4.1	76.6411	12.4147	2148
2.4	57.6981	14.3229	136
2.4	61.2901	15.6409	325
1.6	43.6904	8.2892	335
4.2	77.5898	9.48752	337
2.2	58.0678	14.7088	298
3.2	63.1199	10.0987	317
1.6	43.0555	6.94998	227
3.3	64.0906	9.70688	343
4.2	77.6839	10.5736	140
2	52.6604	11.7688	656
1.7	49.5483	11.786	631
3.2	63.2289	11.0269	276
1.7	50.4379	13.2094	322
3.3	64.2658	10.9882	333
1.3	40.9951	7.14453	197
3.4	65.0282	10.6589	1714
1.4	42.3377	8.26727	850
2	53.2956	12.3144	189
2.3	59.5472	14.7936	342
2.6	59.5177	9.87488	199
2.2	46.8379	6.43459	642
3.7	73.6075	13.0988	304
1.5	44.9976	9.9879	1989
1.7	50.4113	12.9426	322
4.1	77.2815	11.1528	1063
2.2	58.1574	15.1334	297
2.4	61.0226	14.7537	356
1.5	42.8462	8.05951	262
3.6	72.2681	12.4338	2397
1.7	44.0348	7.45461	1971
3.4	69.0591	11.1381	131
3.4	65.0853	10.6816	765
2.5	55.4955	10.4038	2342
2.2	46.8942	6.54984	2120
1	40.9378	11.2638	476
2.3	58.8903	13.8429	208
1.5	43.2407	9.02978	354
3.4	65.0477	10.6592	741
1.8	51.7495	13.116	350
2.5	62.4816	14.5901	364
1.3	42.9813	9.97501	63
0.6	35.7459	9.38972	1835
0.5	34.8241	9.47534	1835
1.9	49.3744	10.3889	1420
2.4	60.4847	14.3525	350
1.7	47.7993	10.6768	2374
1.8	50.6211	12.4061	1966
4.2	77.6857	10.5763	140
0.4	34.2069	10.672	3
2.4	61.2634	15.3221	265
4	75.9839	10.9948	986
2.5	62.8939	15.4626	265
1.7	47.5829	10.8164	19
2	50.28	10.2516	61
4.2	78.4684	11.8692	362
4.1	77.2957	11.1705	1063
1.7	47.739	10.6099	2374
1	41.3122	11.442	1170
4.2	78.5882	12.686	334
2.5	58.435	10.8672	144
2.3	47.4556	6.35314	1995
3.4	65.0604	10.675	741
4.3	78.5212	9.31358	341
2.6	59.5246	13.0281	383
1.8	48.6525	10.6952	390
2.8	61.5089	12.8685	1278
0.3	32.8822	9.31201	52
1.1	42.0616	11.2374	372
3.7	73.6697	13.2681	1126
0.5	34.6757	9.22881	1929
1.6	43.6416	7.95349	365
1.8	50.7415	11.8043	631
2.6	59.5331	13.0376	383
2.6	63.932	14.7004	707
2.7	65.4295	14.975	411
2.2	46.851	6.50657	352
4.3	79.8527	12.6444	396
1.8	44.8123	7.44389	477
2.2	46.8423	6.44099	642
3.2	63.1591	10.9272	276
3.4	65.0556	10.669	741
2	50.2901	10.2642	61
2.2	46.8435	6.44269	642
3.4	65.0624	10.6776	741
2.5	59.1431	12.1628	1543
0.9	39.6835	11.0505	476
4.4	81.1369	11.999	137
4.4	79.4145	8.93299	400
2.2	46.8579	6.50943	2120
1.6	44.0196	8.19286	895
1.9	51.9328	12.5076	1966
1.6	44.1827	8.44433	1518
2.2	46.8805	6.53454	2120
4.3	78.7258	10.4199	346
1.6	44.1561	8.3445	895
2.5	59.1553	12.1832	1543
2	55.0055	13.8288	2290
2.8	66.9648	15.353	412
3.7	73.5441	12.76	366
4.2	77.6362	9.95106	337
2.2	46.8926	6.54805	2120
2.4	48.0282	6.27466	1995
1.5	42.479	7.68632	2437
4.5	80.2858	8.71301	425
1.9	53.5553	14.2026	258
2.5	48.5534	5.25221	439
1.7	44.8576	8.37985	427
2	50.2598	10.2428	2025
2.3	47.4919	6.4049	1995
2.2	46.889	6.54404	2120
4.1	76.739	12.5234	2148
2.4	58.5362	12.9461	309
1.7	44.4281	7.86534	408
3.8	74.9202	13.127	359
1.7	45.0441	8.42143	944
4.1	77.1036	11.1976	388
1.8	48.9735	11.7419	383
2.5	59.8234	12.9321	189
0.7	37.0154	10.0258	1895
2.6	49.0328	6.16308	1113
2.9	68.525	15.6023	435
1.8	45.2205	7.92443	450
4.5	82.3469	12.1005	424
2.9	68.4732	15.0843	435
3.4	65.0733	10.6682	765
3.9	76.2357	13.1552	451
0.8	38.8648	11.2148	1170
4.2	77.6959	10.5909	140
1.5	43.2342	8.3314	2337
1.5	45.3574	10.1557	812
2.4	48.1912	6.36289	713
2.5	48.8837	6.47579	344
2	54.6116	13.2462	282
1.8	44.1146	6.12163	244
3.3	68.2546	11.3742	433
4.4	79.7733	10.2413	274
3	70.1086	15.8356	458
1.1	42.4853	12.0686	464
0.3	33.0532	10.2973	4
1.2	40.3459	8.2809	2158
3	69.9358	15.0095	411
3.1	71.7073	15.9877	474
2.3	58.8888	13.8399	208
2.4	48.0684	6.58803	1644
0.7	36.6747	9.46914	5
1.4	46.5311	12.9862	139
1.9	46.01	7.64015	2069
4.1	76.7449	12.5301	2148
2.6	59.4939	11.0809	119
2.1	54.5221	12.2652	355
4.5	80.3094	8.94966	425
2.5	59.9557	13.2486	267
3.2	67.0819	13.4303	948
1.8	51.6996	12.9843	395
3.8	75.0582	13.8844	406
2.5	48.6814	6.01753	1997
3.2	73.336	16.287	479
2.1	54.5548	12.4704	294
3	70.0712	15.462	458
2.1	55.9298	13.5295	236
3.1	71.4538	15.1804	478
4.6	83.5719	12.2493	460
3.3	64.3518	11.0522	276
4	77.5453	13.0959	463
3.3	74.9984	16.6232	494
4.7	84.8128	12.4095	499
4.1	76.747	12.5324	2148
1.7	44.5194	8.18827	2284
3.3	64.1193	9.99376	343
2.5	61.9354	14.5071	382
3.4	65.4667	11.0629	276
4.8	86.0456	12.3281	503
2.5	59.1509	12.1758	1543
3.5	66.6022	10.9345	209
2.1	51.3207	10.2919	1203
2.4	60.2779	13.8758	373
2.5	61.6472	13.6929	513
2.6	49.5457	6.76327	2047
2.7	49.5766	5.67497	1997
4.4	79.4609	9.3969	400
4.3	79.8852	11.9415	137
4.1	78.8899	13.446	501
3.9	76.4659	14.0771	492
1.9	50.1476	11.4591	43
3.1	71.6052	15.3402	496
0.6	35.5345	9.10053	1929
4	77.883	14.1711	520
2.7	50.2274	6.76916	2047
2.6	61.1279	13.0455	455
3.3	74.9495	16.1345	494
2.1	55.9221	13.5167	236
0.6	35.4893	9.01021	1929
1.5	47.8095	12.9883	116
4.5	80.4194	10.137	140
2.8	50.1137	5.37076	516
3.4	76.5796	15.1878	1363
2.6	61.103	12.7965	455
4.6	81.4469	10.2753	531
2	46.8304	8.20365	484
2.9	50.6332	5.22364	2182
2.8	50.8958	6.00722	2131
4.7	82.4794	10.3246	535
0.6	35.396	8.65179	2227
1.7	45.0852	8.7105	2270
4.1	79.3189	14.3596	524
1.6	44.0333	8.20804	895
1.2	40.563	8.42743	1913
0.3	33.1262	10.6399	2
3	51.1088	5.65132	1630
2.7	58.0109	10.8173	159
4.9	87.2565	13.1253	2356
2.2	55.9366	12.842	309
3.2	73.1379	15.3263	522
3.4	76.6642	16.6587	502
0.2	31.9865	9.93282	5
0.9	39.6814	11.047	476
3.3	74.6758	15.7679	382
0.6	35.4329	8.50259	404
2.5	62.8766	15.4378	265
4.3	79.6486	12.9765	2170
2	50.2923	10.2669	61
3.3	74.664	15.7548	382
2.9	51.5837	6.87836	538
4.4	80.794	11.6649	950
4.1	78.8552	13.099	501
4.2	80.2421	13.2064	1126
0.4	34.1441	10.413	6
1.2	43.8858	12.7162	116
3.5	78.1992	16.1963	533
2.6	59.5029	10.7783	1413
2.6	59.5386	10.801	67
2.6	49.2884	5.95093	1975
4.3	79.6581	12.9859	2170
0.6	36.4614	10.894	1170
4.8	86.0797	12.6694	503
2.7	49.8989	6.20584	2057
2.5	62.8563	15.6617	339
2.9	50.6692	5.28358	2182
3.1	51.5486	4.39828	546
2.7	57.9999	10.8065	157
0.7	36.1977	8.28877	404
3	51.1681	5.34895	537
4.2	78.2272	12.839	2170
1	40.7912	10.9597	4
2.6	63.4027	14.6729	507
2.6	64.4122	15.3563	556
1.3	45.0657	12.5118	395
3.5	78.3784	17.1412	551
1.6	43.6795	8.18044	335
1.3	45.1645	12.698	680
3	52.2718	6.88114	560
2	51.294	11.4642	521
4.2	77.6877	10.5791	140
2.7	60.4741	9.56363	357
2.7	60.6033	11.0949	486
1.8	48.9295	11.4978	152
2.7	49.5465	5.64149	1997
3.4	65.031	10.6624	1714
3.5	78.225	16.4547	533
3.2	67.0861	13.4408	948
4.5	81.933	11.39	561
4.6	83.0464	11.1337	598
0.6	35.5804	9.04657	407
2.7	64.8608	14.5814	582
0.3	33.0426	10.1917	4
2.6	61.3145	13.2729	48
3.3	64.1403	10.2031	343
4.6	81.1608	8.79886	400
0.8	37.6239	9.47236	5
1.8	44.8066	7.43436	477
2	45.4205	6.06571	1006
3.2	72.9453	14.9144	498
4.7	82.0054	8.44525	605
4.3	78.7578	10.6183	465
3.1	51.6952	5.27159	579
2.6	63.3807	14.4533	507
2.8	50.5148	5.79975	2391
3.6	80.072	16.7292	479
2.7	60.7946	12.9173	567
0.3	32.9709	9.844	552
3.6	79.7859	16.7748	1388
2.7	64.8047	14.2397	613
4.9	87.3488	12.7952	2333
1.7	45.1011	8.72818	2270
2.6	63.0235	13.763	514
2.4	57.6795	11.616	348
2.7	49.8777	6.18232	2057
2.6	62.9904	13.8901	1964
3.3	74.4106	16.0891	1388
0.9	39.6784	11.0421	476
3.1	71.6186	15.4098	1141
0.7	36.4837	8.97651	2158
0.9	39.052	10.0652	1895
1	41.2981	11.4263	1170
1.8	45.8999	8.55783	452
1.7	43.4618	6.50406	188
1.4	44.3047	10.7869	34
2.8	66.3204	14.5956	601
1.5	42.4907	7.70578	2437
1	41.3022	11.4309	1170
3.4	75.8366	14.2603	626
3.6	79.8196	16.817	1388
2.1	47.6606	8.01908	1481
1.1	39.675	8.38915	1832
1.5	42.3336	6.73623	210
3.1	52.9486	6.76804	588
3.4	75.892	14.8141	626
3.6	80.0861	16.7575	479
1.8	48.4722	10.4523	58
1.9	51.6016	11.0956	206
3.5	77.3878	14.9575	644
4.7	84.1732	11.2683	599
2	50.2636	10.2483	2025
3.2	53.669	7.20412	643
3.3	54.376	7.06945	651
2	50.288	10.2615	61
2	50.2706	10.2583	2025
2.7	62.6397	13.2526	603
1.1	42.0685	11.3069	372
4.5	80.3968	9.61013	220
3.6	80.1226	17.4422	585
1.8	46.0035	9.02368	621
1.4	46.4393	12.7476	587
5	88.6347	13.1983	2356
1.9	46.7626	8.62719	632
2.3	59.6499	15.0148	321
4.8	83.5062	10.2688	539
1.7	44.8638	8.44184	427
2.1	54.6366	12.8112	324
3.4	55.1226	7.46626	652
3.6	78.9192	15.3145	648
4.7	84.1441	10.9767	599
4.1	76.7517	12.5375	2148
3.5	77.2732	14.3658	638
0.4	34.2129	10.8084	1245
2.1	47.6378	7.67546	2371
1.7	43.4757	6.52732	188
3.7	80.4665	15.4731	668
2.7	62.3643	12.8903	2353
2.1	51.301	10.2639	2025
4.2	78.4764	11.9488	362
3.4	65.1154	10.697	728
0.9	40.0853	11.3386	1170
0.7	36.1513	8.61982	147
1.9	46.9214	8.33311	2172
2.8	66.2008	13.9615	619
2.8	66.2415	14.3684	619
2.6	60.3174	12.1029	1543
4.1	79.2958	14.1284	524
3.5	70.9216	12.3049	2397
2.1	51.3265	10.2754	61
2.5	55.4987	10.4145	1203
3.6	78.7306	14.574	671
2.1	47.6465	8.08657	459
0.7	37.0276	10.0462	1895
2	50.2621	10.2356	263
2	50.2408	10.209	263
0.7	37.572	11.1062	571
3.4	55.0731	6.97097	652
0.7	37.2296	10.3293	328
4.8	85.3022	11.2896	649
0.6	35.4489	8.53158	113
2.7	60.805	11.2503	280
1.8	48.8768	11.251	43
4.8	85.2498	11.057	669
2.8	63.6539	12.8914	2353
3.6	79.8666	16.8757	1388
3.7	81.9132	17.9067	658
3.7	80.2022	15.7693	1049
1.8	52.1717	13.8466	1907
0.7	36.4332	8.98744	523
2.1	55.9264	13.5238	236
4.2	80.7775	14.586	542
4.3	82.2645	12.1631	2317
3.5	66.5873	11.2063	508
1.7	43.7372	7.28712	1995
2.7	64.3024	13.7412	1668
3.5	66.5729	11.0629	508
4.9	86.3415	10.9177	702
2.9	51.1059	6.09724	358
2	50.2447	10.2138	263
4.6	81.3617	9.64892	657
2.7	60.5828	10.442	568
4.5	80.3864	9.59273	220
2.2	48.4469	8.09123	673
3.4	76.2383	16.0446	582
3.6	78.713	14.3981	671
4.8	83.5358	10.5642	539
4.9	86.4707	11.6848	698
4.4	83.789	15.2446	711
2.5	55.4881	10.3885	2141
2	47.8695	8.55917	1965
3.4	76.6503	16.5193	502
0.9	38.5663	9.37078	1703
3.7	81.8808	16.9557	479
1.5	42.4858	7.69766	2437
2.6	64.4427	15.488	389
3.8	82.0056	15.3912	675
4.2	80.7102	14.1434	686
3.6	67.6933	10.9104	511
4.2	77.8684	10.7423	1220
3.8	83.7017	17.8844	705
3.9	83.5095	15.9611	1049
2.6	56.5204	10.3997	2405
1.6	43.2064	7.27322	440
4	85.02	16.0093	930
1.8	48.7701	10.9671	19
1.8	44.4246	6.87472	713
4.3	81.5701	13.2802	563
3.9	85.5296	17.2778	479
2.9	64.9208	12.8595	2353
0.4	34.19	10.5854	1170
2	54.972	13.7869	2290
3.8	83.5645	16.8369	732
3	51.6928	6.10779	439
4.3	79.8818	11.9377	137
2.6	63.921	14.6834	239
1.1	42.6516	12.4453	2297
4.4	82.8821	13.1198	746
4.4	82.8998	13.2973	746
1.9	53.0049	13.0532	491
3.7	81.4418	16.2213	639
3.1	52.3052	6.07477	358
3.5	66.1849	10.7384	1354
4.9	84.5429	10.3669	664
1.2	43.2034	11.3489	656
3.5	77.3732	14.8114	644
2.5	55.4719	10.3784	2405
4.5	84.1956	13.1351	756
0.8	37.9627	9.9469	1895
4.1	77.1319	11.4963	1486
4.8	85.2443	11.0022	669
1.1	42.6048	11.5904	1170
2	46.7937	7.83608	484
4.3	82.1263	14.1612	736
4.1	86.5363	15.1629	743
2.9	67.7841	14.6371	635
3.2	52.9303	6.25157	760
4.3	81.631	13.8899	563
0.1	30.9901	9.90063	0
1.7	43.9223	7.47243	156
2.2	55.7992	12.4432	495
3.8	83.0667	16.2353	639
0.6	35.529	9.08949	1929
3.7	80.201	15.7673	1049
2.7	64.4071	13.9296	1964
4.4	79.8273	10.6949	611
4	84.9841	14.7459	740
2.8	65.7964	13.9251	1964
3.8	74.8089	12.6474	436
3.3	53.6009	6.70625	775
4	87.2553	17.2574	747
3.3	53.5247	5.94379	775
2.4	60.3889	13.8488	275
4.6	85.5005	13.0497	766
1.7	50.6152	13.1557	191
2.3	49.2624	8.01616	1481
2.9	67.6806	14.3908	684
2.3	59.0265	13.9049	275
4.4	80.83	11.7049	950
3.9	85.256	17.2332	645
1.4	43.9783	9.97436	63
2.8	61.6096	10.2683	720
2.1	48.8442	7.94189	2338
4.6	83.0855	11.5254	598
0.4	34.1497	10.4405	213
4.6	81.3365	9.50165	721
2.7	64.8726	14.6998	582
2.1	48.8039	7.88427	2338
3.1	51.5844	4.75582	546
2.6	63.0192	13.7205	514
3.9	84.7141	16.7374	1974
3.9	85.2593	17.2441	645
1.9	49.9947	11.1791	701
0.7	37.2329	10.3616	328
0.8	38.7708	11.3671	161
4.6	81.2196	9.10128	488
4.2	77.8734	10.7473	1220
1.2	43.4905	11.7119	1392
2	47.6355	8.72929	662
0.5	35.1531	10.3653	1
3.9	85.2524	17.2211	645
3.9	84.6825	16.6848	1974
4.9	87.2931	12.4752	509
2	50.2857	10.2651	263
0.6	35.4865	9.00463	1929
0.5	35.283	10.701	672
2.2	49.745	9.41152	806
0.6	35.5012	9.0339	1929
2.9	62.5013	9.92329	403
2.2	46.8506	6.50605	352
0.5	35.272	10.6512	386
2.3	47.543	6.53961	447
4.4	83.0268	13.9579	776
3.3	64.1303	10.1035	343
3.3	53.5506	6.20247	775
2.2	49.8268	9.82574	801
3.6	67.2664	10.8154	761
3.7	80.1454	15.3527	2313
1.9	45.5455	7.38996	607
2.4	50.0799	7.41449	2322
4.9	86.4331	11.3091	698
3.5	70.9049	12.284	2397
3.9	84.7012	16.7161	1974
3.4	65.0443	10.655	741
0.6	36.3327	10.6073	829
4.7	86.8027	13.5003	2411
4.3	81.6101	13.6802	563
1.9	45.1095	7.00357	1995
3.4	65.0442	10.6548	741
1.3	44.6357	11.8991	1501
3.9	85.5068	17.2493	479
0.6	35.7239	9.22483	279
4.7	82.2652	9.28712	804
4.1	76.7389	12.5233	2148
3.9	84.6629	16.8818	1514
4.8	88.1018	12.9915	844
4.7	82.2853	9.48824	804
5	88.4614	12.2536	1450
4	86.3131	16.5028	853
2.5	59.1525	12.1785	1543
4.7	82.0333	8.72479	605
1.9	52.9949	12.9526	491
2.1	54.6534	12.85	200
3.7	68.3537	10.7945	679
2.8	59.097	10.8248	157
3.9	85.5054	17.2475	479
4.1	86.4324	14.4832	785
4.5	85.3424	15.5339	727
2.3	59.7722	15.8511	307
2.7	60.6278	10.8921	568
3.9	85.5332	17.2823	479
4.8	82.9299	9.22133	220
4.1	88.971	17.1566	789
3.8	74.8187	12.7461	436
2.4	61.377	16.048	867
1.4	41.7078	7.1183	168
5	87.4198	11.431	768
5	87.6766	11.6779	649
4.9	87.2775	13.1516	2356
3.4	65.0402	10.6739	1714
1.6	48.3668	12.1893	940
2.8	61.4394	12.8324	2390
2.1	51.3087	10.2611	263
2	47.6225	8.59935	662
5	85.57	10.2705	762
4.2	87.8758	15.1466	671
2.7	64.4004	13.9201	1964
3.6	67.6955	10.9329	511
4.9	89.439	13.741	1746
2	53.354	12.7206	1966
3.7	81.3646	16.0133	2312
5	90.7776	13.6047	1697
1.7	43.4609	6.50261	188
2.1	48.4629	8.19404	2172
4.6	86.8872	15.4484	866
0.9	40.0716	11.9905	2297
0.7	36.6461	9.29272	1835
3.3	74.6523	15.7418	382
3.7	68.7769	10.8359	737
2.5	59.1498	12.1741	1543
4.3	79.3386	11.3934	1486
4.9	89.3837	13.033	2142
4.1	87.9277	16.3937	2111
2.8	63.9747	13.4371	1249
4.9	84.5871	10.5128	725
1.8	44.8371	7.48527	477
0.2	31.9782	9.88089	777
2.3	50.8116	9.91287	665
3.2	67.1219	12.3528	153
2	52.6311	11.7362	656
5	90.9018	13.8678	1746
2.1	48.5226	8.26037	2172
2	50.278	10.2554	263
0.8	38.7571	11.2752	118
4.3	89.359	15.6768	1317
2.1	48.4783	8.21117	2172
2	50.2558	10.2277	263
2.2	49.2798	8.48009	1555
3	69.2551	14.7108	774
4.5	80.8944	10.6713	784
3	63.4936	10.3204	1413
4	86.958	17.0559	819
4.6	81.9842	10.8981	918
3.9	85.4952	17.2348	479
2.7	60.8578	11.3436	124
3.5	70.9235	12.3073	2397
2.4	51.825	10.1536	2173
1.3	43.0102	9.99339	1036
5	88.5544	13.1091	2356
3.5	77.2441	14.0748	638
4.1	88.9996	18.0923	2394
3.6	78.6163	15.4685	684
2.2	49.8186	9.65723	682
0.9	39.8828	11.3758	1300
2.5	63.012	16.3497	873
4.1	86.6131	15.9309	743
4.2	90.6949	17.6814	645
2.9	62.4029	10.2639	67
0.8	37.3855	9.13638	777
4.3	89.4137	15.7757	2209
3	51.2272	5.58029	575
0.7	37.3964	10.8581	476
0.4	33.827	9.42326	2370
1	40.7952	10.9647	4
4.5	84.4048	13.7797	831
0.9	38.3069	9.14608	777
4.7	88.4746	15.8737	893
0.6	36.2038	10.3938	1
4.2	87.8469	16.2823	1476
2.8	61.7098	12.8468	521
3.8	83.7446	18.3136	705
3.5	70.2956	11.577	137
1.7	43.4749	6.52596	188
1.7	43.9335	7.33523	2120
2.5	62.9916	16.1457	873
2.3	50.6849	9.3988	825
2.5	55.5155	10.5811	77
2.8	65.6317	14.1818	1633
4.2	89.542	16.1256	704
1.2	40.4153	8.26581	1832
2.7	60.8578	11.3436	124
2.1	51.3215	10.2753	263
4.3	92.5116	18.167	935
2.5	52.8266	10.0162	925
1.6	46.4316	10.677	19
4.3	91.1204	16.0768	704
2.9	65.3387	13.5046	1249
0.9	38.9459	9.93242	1895
4.2	88.1949	14.7171	527
3.8	69.401	10.8239	1844
0.6	35.7834	9.58036	5
2.8	61.9156	11.2343	280
0.8	37.5708	9.39654	5
3.6	78.6641	14.2	928
4.4	90.8385	15.6549	1954
2.8	65.7977	13.9267	1964
1.5	47.1588	11.9174	35
2.5	52.874	10.4905	925
4.5	84.4192	13.924	831
5	85.6416	9.6906	1362
3.8	69.8519	10.7503	897
3.1	71.4442	15.0843	478
4.5	82.0049	11.7491	797
0.3	33.0248	10.0804	151
3.4	65.0653	10.6918	1257
4	86.357	16.5572	841
4.7	83.0828	10.9856	921
3.4	69.387	11.3371	685
2	52.6426	11.749	656
0.7	36.3531	8.94808	1929
4.3	79.9046	11.963	137
2.6	53.9057	10.0534	444
2.7	54.8966	9.90966	990
2.9	62.6331	10.3151	568
4.6	83.1934	12.8744	2356
1.7	43.9281	7.47886	156
2.8	61.4231	12.8091	2390
2.1	51.3328	10.2823	61
2.1	51.2851	10.235	263
4.4	90.9381	14.8874	735
3.6	67.6795	11.066	715
2.2	49.4371	7.69028	2338
0.4	34.0607	10.1805	602
2.3	50.7839	9.65381	931
1.7	43.9251	7.47562	156
2.1	51.326	10.2804	263
3.9	85.556	18.114	949
1.6	42.9943	6.60607	642
0.3	33.1185	10.5624	2
1.9	49.8662	10.9663	19
4.4	83.7655	15.0099	711
2.3	49.2373	7.43433	543
1.5	45.4356	11.0447	40
3.1	51.7041	5.3602	579
2.4	51.7479	9.63971	1002
2.8	55.8829	9.86297	991
4.2	88.2078	14.7315	527
5	90.8622	14.7853	900
4.8	82.8423	9.12403	220
3.6	78.6108	15.4616	684
2.2	55.7446	12.7514	48
4.2	77.8511	10.725	1220
2.1	47.6565	7.54992	302
0.4	34.064	10.2141	602
2.2	49.3339	8.55651	914
2.5	55.5176	9.8074	402
2.9	62.3412	9.18068	995
4.3	92.4726	17.7771	935
4.4	94.3622	17.8628	615
1.9	46.907	8.31255	2172
3.4	65.1447	10.7214	370
4.5	96.1554	18.1601	810
2.8	61.7095	11.0249	166
2.1	47.572	7.46123	332
4.4	83.7361	14.7158	711
2.9	67.6064	14.0556	683
2.5	50.933	7.62597	1702
0.7	37.0142	10.0237	1895
2.9	66.981	13.4929	956
0.8	37.5721	9.39843	5
0.8	38.851	11.1951	1170
3.6	78.6119	15.463	684
2.9	62.8206	12.9549	2390
1.4	46.4234	12.5888	587
4.9	83.8498	9.19905	870
1.8	48.6701	10.8721	390
4.8	83.177	9.11761	851
3.4	65.1106	10.7097	765
2.9	62.9947	12.8493	948
2.5	52.7053	9.80958	444
3.1	70.7406	14.8546	917
0.8	37.3265	8.80975	1832
5	84.7596	9.09788	1043
4.2	90.7475	17.7334	732
0.7	36.7448	9.61434	969
2.3	50.346	8.34086	1625
0.4	33.95	9.79125	617
4.4	90.9682	15.746	1317
3.7	80.0959	15.2907	2313
1.8	48.4737	10.2004	54
4.8	82.8051	7.99768	610
2.3	57.0451	12.4595	779
1	41.2016	11.6212	1137
5	88.5123	12.3483	877
3.3	68.3593	11.4885	685
0.4	34.0339	10.0912	982
3.4	65.1565	10.7345	370
3	63.4377	10.3482	936
3.4	65.0266	10.6569	1714
4.4	90.9622	14.9276	735
3	66.2099	13.3975	2295
2.8	65.7862	13.9123	1964
4.4	92.6956	16.0362	704
1.9	50.0759	11.464	593
5	90.7857	13.6147	1697
1.5	47.6864	12.7483	395
2.6	49.1005	5.78927	1997
3.1	52.9621	6.90338	588
2.2	49.3015	8.53421	1555
1.7	44.8529	8.19566	543
2.4	49.9748	7.37433	1010
2.6	56.4598	10.3429	270
2.3	49.2384	7.43585	543
2.6	51.805	7.53561	1953
4.4	94.2269	17.949	819
4.5	94.2836	16.0189	704
2.5	50.6891	7.1436	1079
4.2	80.7466	14.277	542
4	86.335	16.5258	820
3	68.3347	13.5372	1037
3.9	85.2371	16.7265	751
3.1	69.696	15.187	1194
0.3	33.0457	10.1937	1
1.3	43.0063	9.98541	1878
2.2	48.3042	7.32185	1032
3.6	78.6024	15.4512	684
3.9	85.6252	18.3421	658
1.7	43.48	6.53442	188
1.4	46.3066	12.4081	584
2.4	54.6548	10.6003	157
2.7	64.3988	13.9177	1964
1.7	49.5781	12.184	266
1.6	46.5392	9.95068	56
2.1	51.3055	10.2576	263
2.6	64.6349	15.706	265
4.6	86.9047	15.6235	866
2.4	57.5579	11.6399	1233
2	53.3484	12.7137	1966
0.6	36.3377	10.6571	829
0.5	35.0781	10.2045	151
4.2	88.2218	14.747	527
3.2	52.2575	5.53409	1012
4.9	89.3723	13.5406	1697
3.2	71.1023	14.0631	1090
1.8	44.1023	6.29398	1887
4.4	90.9494	14.9064	735
4.5	92.2904	15.8334	2354
3.4	65.0483	10.6599	741
1.9	53.0687	13.0628	395
2.5	62.786	15.2258	387
4.6	97.9548	17.9939	1030
3.7	68.7891	10.9361	886
4.6	97.9841	18.2873	1030
4.8	90.0609	15.8629	945
0.9	38.2091	8.82522	1050
4.4	82.9687	13.5861	845
4.8	82.835	8.29597	610
3.2	67.0357	13.313	234
0.7	36.3012	8.86156	1929
4.1	88.6551	17.3835	596
4.7	88.4685	15.6378	1104
2.9	67.209	14.3586	1633
2.6	61.1114	12.8799	455
4.4	79.8174	10.5961	611
4.6	95.918	16.0514	704
2.3	50.1885	8.54607	1023
2	54.3137	13.0881	758
0.5	34.6348	8.7634	404
0.4	34.2289	10.8922	3
4.6	93.8184	14.0588	967
3	66.1616	12.4088	748
4.9	83.676	8.41021	1125
2.6	63.9137	14.6744	239
4.7	95.2648	15.4759	1567
3.4	55.0855	7.09586	652
1.9	44.7614	6.32399	246
2.4	51.067	8.78455	1134
4.7	99.8209	18.3682	1121
0.7	36.161	7.64997	540
2	55.137	14.7915	240
3.4	65.4569	11.0521	276
4.3	82.2274	14.4989	710
4.6	85.8048	13.8557	977
4.8	96.7161	14.5126	1142
3	66.1786	12.6681	1131
1	40.7993	10.9698	4
1.4	46.534	13.0159	139
2.4	51.2395	8.95382	662
1.6	48.9578	12.7142	1074
4.7	99.7297	18.1428	1026
3.2	53.6156	6.67038	643
1	40.9377	11.2636	476
2.4	51.052	8.63491	1134
4.7	87.1958	13.91	1151
5	90.7793	13.6068	1697
4.9	91.6912	16.3037	1122
4.8	84.193	10.3847	285
2.5	52.1604	8.65408	2419
4.7	99.7184	17.6366	1119
4.7	83.0682	10.4454	1266
2.5	50.706	7.31192	1079
0.1	31.0144	10.1442	0
4.5	84.4457	14.1886	831
2.5	51.9459	8.20446	1625
5	84.5022	8.26235	1140
4.9	83.5622	7.5707	1059
2.6	51.8159	7.52423	452
5	93.331	16.398	1164
1.7	47.5347	10.6027	66
0.8	38.4813	10.7631	4
0.2	32.0324	10.1801	1170
3.8	81.7151	15.6969	836
4.8	101.705	18.6328	1445
4.8	101.533	18.5887	1519
2.5	59.1467	12.6347	243
2.7	65.9452	15.543	229
3.6	78.6396	13.9551	928
0.7	36.6405	9.27876	1835
4.9	86.3566	11.0688	702
5	87.4373	11.5127	580
2.6	52.8373	8.68445	2053
1.9	49.7658	10.9568	1044
4.8	101.48	18.5355	1519
1.7	43.4634	6.50674	188
4.8	88.5607	13.6488	1162
2.2	56.0277	13.3922	223
3.7	80.042	15.2234	2313
0.2	31.9545	9.75084	147
4.7	95.2017	15.4058	1567
1.8	45.9584	8.73204	541
1.3	42.9998	9.98751	1989
1.3	43.0109	9.99312	1878
4.1	87.9867	16.5167	1087
2.7	54.9089	10.0318	990
2	50.2915	10.2659	61
4.9	103.582	18.6589	1121
2.6	64.4192	15.3094	707
3.4	65.045	10.6558	741
0.4	34.0431	10.1475	288
4.9	91.6334	15.7357	1009
3.7	80.1547	15.6902	1049
2.3	50.0877	7.55867	2338
3.4	65.1383	10.7143	370
3.8	81.4447	15.2369	917
1.1	41.884	10.9274	581
2.5	51.9198	8.1523	1625
4.7	97.5133	17.3124	782
0.7	37.5499	10.8852	571
2.6	52.7723	8.60565	1555
2.2	48.3234	7.51375	1032
2.4	51.6363	9.68378	444
3.2	67.1261	11.9547	2275
5	84.3226	7.60384	1174
4.5	92.4186	15.8007	973
1	41.0091	11.2637	932
3.4	65.1597	10.738	370
4.4	83.6699	14.4243	1150
3	63.6751	13.9823	108
1.9	53.5171	13.4287	239
5	84.771	9.21134	1043
0.3	32.916	9.6678	162
1.8	44.6689	7.46652	778
4.9	103.596	18.6731	1254
0.6	36.4273	10.8258	1170
1.5	47.082	12.0737	1571
0.3	33.1131	10.5085	2
0.4	33.7828	9.19129	76
4.2	90.4033	17.4814	1128
2.6	56.5638	10.3026	102
3.9	74.7215	11.1124	247
0.8	37.0151	8.6379	681
0.7	36.4096	8.80666	781
3.7	68.7886	10.9306	886
2.5	48.6748	6.00817	1997
4.6	93.8247	14.0745	967
1.4	41.6787	6.97483	204
0.2	32.0512	10.368	1170
4.8	99.2425	17.292	1215
2.7	52.6283	8.23318	1082
2.6	63.0184	13.7127	514
2.6	61.2873	13.3159	489
1.8	50.7271	11.7883	348
5	88.5363	13.089	2356
4.3	79.8743	11.9293	137
4.8	96.7513	14.8647	1142
4.1	88.6571	17.3868	596
1.8	49.0158	11.9613	313
4.9	98.1725	14.4641	1537
2.6	56.5118	10.3827	2405
4.6	93.9886	15.6995	1222
4.8	84.1993	10.3917	285
2.5	50.8829	7.47422	432
3	51.224	5.54863	575
4.5	85.1985	14.6311	524
0.9	39.9097	11.3449	6
4.9	103.319	17.8585	1182
1.1	42.4593	11.5799	1493
3.9	74.7119	11.0158	247
3.4	65.0177	10.6457	1714
4.1	86.6436	16.2454	836
3.9	82.9472	15.0256	1212
2.1	48.5089	8.24515	2172
3.3	72.4735	12.5454	683
5	99.6192	14.4394	1356
0.4	34.1727	10.5425	1007
4.7	95.5981	16.0098	2354
3.5	66.0644	10.6478	1484
4.2	88.282	16.3843	1268
1.5	42.3393	6.94986	188
2	51.2142	11.5117	51
5	84.2817	7.19482	1174
2.9	63.3915	11.468	318
4.7	82.3516	9.89944	719
0.8	36.8775	7.99073	404
4.9	100.99	17.4704	1246
2.2	49.7244	9.72108	665
2.3	50.6935	9.69115	1284
4	87.2092	17.1399	922
4.3	79.3588	11.4158	1486
2.8	55.9296	10.2071	1202
3.4	65.0739	10.6689	765
4.9	103.618	18.7331	1445
1.9	45.5867	7.49583	904
5	93.1664	15.3306	1208
4.9	98.2329	15.0704	2213
5	88.4498	12.2371	1450
2.3	59.7168	15.2967	307
5	102.763	17.7288	2129
0.8	37.012	8.60698	681
1	41.0395	11.2976	1263
0.9	39.5473	10.8347	2379
0.6	36.47	10.9112	1170
4.9	83.6131	8.07964	1059
1	39.524	9.57677	731
4.4	90.8332	15.6461	1954
2.8	65.6136	14.1591	1633
2.7	49.6378	6.15052	1113
2.6	53.9287	10.079	444
2.8	53.4652	8.36955	1247
2	54.2796	13.2709	1482
4.7	97.4907	17.2897	782
5	85.5796	9.81401	504
3.7	81.3739	16.2588	628
2.6	53.9457	10.0978	444
4.7	97.5036	17.3026	782
2.8	53.455	8.26738	1247
4.8	97.2181	16.1991	1274
1.1	40.494	9.70056	1302
3.8	81.5206	15.3318	917
0.8	36.8761	8.42383	147
2	50.8579	10.9204	1190
1	41.3091	11.4385	1170
3.7	79.9914	13.518	1185
1.1	42.6289	11.6145	1170
3.1	69.7061	15.1981	1194
4.9	89.9074	13.4673	1193
2.6	51.3833	6.94152	1085
4.9	100.961	17.5827	2129
2.2	48.4974	7.46288	427
2.1	51.3166	10.27	263
0.4	33.7734	9.09719	76
5	91.2612	13.8444	746
2.1	51.438	10.4004	96
2.7	53.7211	8.89676	1161
2.1	56.4423	14.3675	434
0.8	37.3331	8.99899	708
5	102.685	16.3497	1087
1.5	42.4163	7.08531	874
3.7	81.3899	16.2854	628
4.3	79.8726	11.9274	137
2.5	59.1444	12.6308	243
3.9	76.0755	12.6665	787
2.9	56.8601	9.7712	1014
4.9	103.235	17.5573	1191
5	84.4125	8.12924	605
2.7	52.5997	7.83804	1175
2.5	59.9383	13.0743	267
1.6	43.1216	7.50621	2437
2.9	54.3146	8.49375	1307
2.7	66.1954	15.8918	2325
5	84.5158	8.3987	1140
4.8	101.651	18.2991	1146
2	45.8124	6.87569	2120
2.2	49.7258	9.72402	665
2.7	65.4076	14.7562	411
2.7	57.5941	10.4488	391
2.5	52.6015	9.57384	632
4.4	90.9555	14.9165	735
4.8	96.5618	14.5562	735
1.2	43.6896	11.7632	6
5	90.8743	14.906	900
2.1	48.5128	8.24957	2172
4.9	91.6602	15.993	1122
4.5	80.7963	10.2657	247
2.7	65.9481	15.289	1205
3	55.1653	8.50688	1347
3.7	68.7969	11.1738	999
4.8	101.667	18.4575	1146
1	39.2357	9.2877	944
2.1	51.9435	10.8564	1319
2.7	65.3794	14.657	1141
4.9	98.8691	16.5104	1315
2.6	53.9485	10.1009	444
3.1	69.6692	15.1572	1194
2.6	56.4867	10.3325	2405
3.3	72.5018	12.6019	683
2.1	46.5324	6.86179	2139
1.3	45.0889	12.5425	206
3	57.8401	9.79994	1341
2.8	63.9657	13.2942	256
4.6	86.6655	14.3679	304
3.1	55.9781	7.25853	2181
2.7	53.6307	8.60328	1555
2.6	60.3945	12.5019	1339
0.5	35.1845	10.4042	564
2.5	59.9389	13.0802	267
0.2	31.9851	9.91881	5
4.5	85.261	14.9551	1009
2.4	60.4187	13.922	796
2.8	66.3661	14.9343	805
0.4	33.884	9.6799	1229
4.1	88.6513	16.9327	920
1	38.9572	8.59093	1832
0.5	35.2921	10.6943	1170
0.2	32.0249	10.105	1170
3.2	56.6866	7.23689	2181
4.8	82.9042	8.70885	859
1.7	43.657	6.62716	1006
0.9	39.878	11.3598	1300
2.9	67.0301	14.1653	1304
2.1	46.5455	6.87634	2139
5	100.516	16.1293	973
5	105.112	18.7166	2418
1.9	53.5207	13.4646	239
1.7	44.9907	8.34566	432
4.9	83.7867	8.8254	1395
5	105.439	18.5762	1204
2.1	52.4395	11.4542	589
3.4	65.1673	10.7464	370
2.6	53.9294	10.0797	444
0.3	32.9045	9.5354	52
3.1	58.7923	9.52239	1377
2.7	60.6193	11.1187	149
5	102.774	16.4393	1087
2.3	56.2694	11.0676	80
2.8	54.4731	8.42326	1381
3.7	80.1561	15.6925	1049
3.1	52.9588	6.87043	588
3.6	67.1145	10.5004	1275
1.9	50.1371	11.6361	454
2.3	59.6738	15.1642	363
1.3	43.1411	10.149	43
3.2	56.7508	7.72784	1380
2	45.3974	6.36076	1144
2.3	49.0219	7.17704	1093
0.6	35.4751	8.53451	114
4.8	96.6062	14.0455	1197
1.7	43.928	7.47883	156
2.1	55.6168	13.0304	1135
3.4	65.0591	10.6734	741
2.2	53.0326	10.8913	1368
3.6	71.4523	11.5673	950
4	87.4901	18.6488	1095
4.9	98.029	14.2278	1425
5	93.2199	15.8653	1208
4.7	95.5396	15.51	1258
3.3	72.496	12.5904	683
1.6	42.9525	6.78638	188
2.1	51.9525	10.9461	1319
3.1	69.6991	15.1904	1194
4.7	83.0632	10.3902	193
2.7	60.8397	11.2937	280
1	40.7896	10.9577	4
5	87.4055	11.4729	580
2.2	57.2825	13.5274	497
4	86.9731	17.2064	819
4.4	94.2515	17.9908	798
2.2	58.0481	14.5112	298
2.6	53.9192	10.0684	444
3.1	58.8361	10.3909	1355
3.8	83.7079	17.947	705
4.3	79.8839	11.9399	137
3.4	65.076	10.6712	765
5	105.003	17.6773	1342
1.1	40.4826	9.58593	1302
0.4	33.8214	9.39249	404
4.7	97.5421	17.3411	782
5	105.536	19.1839	1290
3.1	69.6668	15.1545	1194
0.7	37.4014	10.6366	1107
2.4	61.1931	15.1933	1419
4.8	83.2308	9.45418	855
4.7	97.5389	17.3379	782
5	93.2027	15.6933	1208
2.8	54.4925	8.61777	1381
2.1	56.6151	14.7811	1148
3.8	81.3382	15.6991	1130
4.9	89.3944	12.9259	854
1.9	49.4946	10.2096	1058
3.3	72.4941	12.5865	683
3.2	63.2131	11.0044	276
0.9	38.2173	9.03404	777
3.1	67.4973	12.8647	2353
3.3	72.4931	12.5845	683
3.4	73.7653	12.8009	619
2.4	51.8048	9.93233	906
4.8	97.0989	15.5937	1434
3.8	81.3339	15.6944	1130
2.3	49.0803	7.49022	2371
3.2	71.1731	15.0627	1457
5	90.6362	13.3824	1677
2.5	59.9445	13.1361	267
1.6	43.6511	8.04841	365
1.6	48.9713	12.8493	1074
4.7	86.8073	13.5055	2411
2.6	56.4814	10.3218	2405
3.4	65.0749	10.6701	765
3.4	69.0845	11.392	131
2.6	64.4194	15.3097	707
5	93.3102	15.9078	1009
4.4	83.5282	14.0382	304
1.1	40.1549	9.1617	5
2.4	51.6228	9.66448	444
2.8	54.636	8.95992	1161
1	41.3013	11.4298	1170
4.5	94.2802	15.8464	1071
4.8	83.1918	9.26566	851
1	41.3037	11.4326	1170
1.7	43.9319	7.48317	156
4.8	101.546	18.6018	1519
0.8	37.5549	9.14366	1186
4.9	98.6574	15.5847	1475
0.8	38.6862	11.1669	6
2.3	57.3782	13.0382	41
2.6	64.6868	15.7709	265
5	99.7208	14.879	1293
0.9	37.7231	8.47011	1318
0.4	33.9556	9.84731	617
5	87.3994	11.4652	580
0.4	34.1518	10.4617	213
1.7	43.5054	6.57672	188
5	100.227	15.6983	1500
2.9	65.2773	13.1164	1378
2.6	51.8003	7.53042	1953
3	63.4854	10.3085	1413
3.4	76.222	16.0241	582
3	68.4432	14.131	1398
2.2	47.2285	6.96124	1375
3	69.0081	14.4539	373
1	39.1161	9.02891	777
3.8	82.9442	16.7646	723
3.1	58.8219	9.81846	1377
1	41.2185	11.4688	894
0.7	37.3879	10.8367	476
3.3	72.5195	14.1718	1112
1.5	47.6848	12.6141	1042
4	77.343	12.6745	1340
4.7	88.4322	15.4498	893
0.5	34.9409	9.85277	1385
3.3	72.4932	12.5848	683
3.7	81.4588	16.7294	618
2.6	59.8676	12.0709	84
3.3	54.2802	6.64515	1159
3.1	69.6916	15.1821	1194
3.4	54.9466	6.6643	1531
2.5	55.7867	10.6983	132
3.2	59.8619	9.90601	1202
3.1	67.4087	12.5945	1131
4.4	90.9404	14.8913	735
1.9	50.0016	11.2484	701
0.9	38.5073	9.39256	5
3.5	70.9335	12.3535	211
0.5	35.055	10.1195	1207
1.2	41.4613	9.38906	1055
1.9	51.8454	12.1623	119
5	90.6538	13.4021	1677
2.3	59.4997	14.7667	1074
3.3	57.5489	7.39966	1550
4.8	84.1587	10.3466	285
2.8	61.6326	10.8299	124
2.6	60.418	12.7364	1339
2.4	50.8892	8.01515	1210
4.2	80.7546	14.3564	542
0.5	35.0425	10.1019	2389
2.9	55.5569	9.20938	1492
1.2	42.9751	10.9115	1213
1.8	45.8878	8.4372	452
4.1	88.9217	18.1102	704
0.9	39.5612	10.6928	1
3.5	75.0622	12.9697	1473
1.1	40.1637	9.17052	5
3.4	58.3054	7.56464	1546
5	100.552	15.8319	1681
3	66.5887	13.6483	1865
5	87.4572	11.5374	580
2.2	49.2958	8.51996	1555
3.2	59.722	9.29696	1410
4.6	81.9674	10.7302	918
3.8	81.3365	15.0583	774
3.7	80.149	15.3571	2313
2.6	53.554	9.52496	1355
2.9	65.2972	13.3148	1378
0.8	38.6304	11.1704	1640
2.9	55.298	8.59738	916
0.6	36.1828	10.2974	818
5	88.6211	13.1832	2356
2.1	51.3382	10.2883	61
1.3	41.121	7.75015	477
3	63.4805	9.79267	827
0.6	35.5523	8.97389	216
1.1	42.6321	11.6177	1170
4	77.5553	13.1954	463
4	86.3476	16.8469	853
2	45.3905	6.29111	1144
3.2	59.7427	9.64933	1014
5	90.7756	13.6021	1697
3.9	85.5629	18.1827	949
2.5	55.7647	10.6834	157
5	90.6322	13.378	1677
3.8	82.9232	16.7121	723
2	51.1085	11.1381	811
2.8	62.1876	11.7257	88
2.7	62.4395	13.1151	526
3.2	59.9219	10.8582	1448
3.7	80.0196	13.8003	1185
2.5	59.8329	12.9479	189
5	88.4533	12.2581	1338
4.9	84.1217	9.29926	1495
3.2	67.0744	12.0955	207
1	39.9413	9.93489	1895
3.3	64.25	10.9088	417
3.7	80.1817	15.7352	1049
3.5	66.1795	10.7317	1354
3	66.1958	13.3692	2295
1	41.294	11.4217	1170
0.6	35.9231	9.82191	1527
3.1	69.8697	14.2652	1515
2.9	67.5975	13.967	683
3.2	68.8006	13.033	1471
3	56.4658	9.1491	1332
0.6	36.0517	10.0999	2389
2	50.5255	10.3082	1467
3.4	65.0404	10.6742	1714
3	68.646	14.3699	1130
4.9	83.7448	9.02496	1017
4.6	81.4238	10.0443	531
2.9	63.0383	13.1379	1278
1.7	43.4947	6.55888	188
3.2	59.8646	9.91147	1202
4.9	85.2576	10.4108	285
5	93.3244	16.3315	1164
4.3	79.8604	12.722	396
2.3	50.1245	7.59956	2338
0.7	37.5094	10.8211	1232
0.8	36.904	7.43003	1147
3.5	70.9229	12.2477	211
2	47.8437	8.5305	1965
2.4	58.5287	13.0856	48
3.1	71.6841	15.7555	474
5	87.4665	11.0987	1187
2.9	55.3159	8.623	916
2.1	46.0226	6.02088	608
3.3	60.6647	9.42678	1565
3.3	57.3804	6.9381	1394
2	54.2863	13.2874	1482
2.5	59.1415	12.6261	243
2.6	64.642	15.7148	265
4.5	80.7908	10.258	247
3.1	69.6948	15.1856	1194
1.6	43.0615	6.914	1244
4.2	90.3402	16.8895	1390
0.4	34.1622	10.5942	6
2.9	62.8143	12.9469	2390
0.5	34.9309	9.80931	1055
5	102.659	16.3238	1087
1.8	44.1156	6.52214	1192
2.8	54.6117	8.90661	1332
1.9	49.3776	10.3171	33
5	88.5428	13.0963	2356
1.2	43.6959	11.7702	6
5	84.6497	9.04825	1613
5	102.671	16.3365	1087
3.3	74.9562	16.2017	494
4	87.4627	18.3749	1095
0.8	38.6384	10.8842	1216
0.9	37.5995	7.69255	110
1.2	41.4367	9.35836	1055
4.1	78.6065	12.7884	1540
5	90.7754	13.6019	1697
4.9	83.5958	7.90682	1059
4.7	88.0908	14.2524	1379
4.1	89.378	18.8795	1431
3.4	61.6169	9.55661	1014
5	99.4588	17.5114	2267
3.5	62.5839	10.0882	1666
3.8	81.4425	15.2342	917
1.4	41.8497	7.95912	141
2.7	54.5133	9.59263	1569
0.8	37.5723	9.39872	5
1.9	53.3094	13.4051	208
3.2	71.3035	14.3382	1605
3.6	63.5688	10.1685	2153
2.1	51.3142	10.2672	263
0.4	33.8828	9.66796	1229
1.4	44.0225	10.0217	1989
3.6	76.372	13.0981	1558
1.3	43.1713	10.1565	33
5	102.66	16.325	1087
4.1	78.592	12.7642	1540
1.2	41.4599	9.38736	1055
2.9	62.7158	10.7383	2425
4.9	103.406	18.5969	1498
4.3	89.47	16.2314	947
1.9	51.5985	11.0992	975
4.2	90.7363	18.1397	626
3	66.7051	13.6644	965
0.9	37.5989	7.69134	110
5	90.6398	13.3864	1677
0.6	35.514	9.05945	1929
1.9	51.9241	12.294	1782
3.4	58.264	7.15085	1546
2.5	61.816	13.9729	1387
1	41.3075	11.4367	1170
4.1	89.3602	18.701	1431
5	100.198	15.4044	1500
1.4	41.6879	7.06635	204
0.6	36.3361	10.6407	829
4.5	85.2709	15.0538	1009
4.2	79.8939	12.8737	1656
4.6	95.8671	15.8687	1494
1.9	50.2429	10.2597	1223
3.6	63.5947	10.1085	1663
2.8	61.9907	13.159	521
1.7	44.8322	8.12541	427
0.7	36.6921	9.49821	5
1.9	51.901	12.2683	1782
2.7	54.4832	9.29154	1569
5	105.101	18.6998	2418
3	66.6866	13.4793	965
2.1	55.9249	13.1329	470
2.8	65.6688	14.2281	1633
3.5	58.983	8.0123	2203
4.4	81.1769	13.1649	1620
3.4	65.1441	10.7207	370
3	63.9222	11.0793	1641
2.6	56.5011	10.3612	2405
2.8	55.4181	9.34929	1705
0.5	34.7562	9.35763	2370
0.8	36.931	7.94455	110
1.8	48.4755	11.1894	1302
0.7	37.393	10.8494	476
1.2	43.5118	11.6991	250
1	38.9492	8.5776	1832
4.3	89.4748	16.279	947
3.3	72.504	12.6064	683
2.6	56.8583	10.7195	157
5	86.2983	10.6526	241
2.1	52.2092	11.0064	1589
2.9	62.7095	10.7304	2425
3.5	59.1071	8.0169	1560
2.6	64.6476	15.7218	265
0.8	38.4827	10.7653	4
2.5	52.1367	8.59489	2419
2.5	55.5578	10.322	268
2.4	49.7379	7.16004	1423
4.3	89.6983	14.7655	1109
5	87.4194	11.4902	580
0.9	39.7485	11.1818	1571
5	100.52	16.1353	973
3.4	65.0344	10.6666	1714
1.7	43.4767	6.52902	188
5	86.2967	10.651	241
2	45.7817	6.80057	1638
0.8	38.6865	11.1675	6
2.6	56.8262	10.6948	154
5	102.662	16.3273	1087
3.6	59.7081	7.92779	2203
4.3	81.1943	13.0047	1697
4.9	97.9909	13.8462	1425
2.2	57.2459	13.1965	282
5	88.4552	12.2609	1338
2.9	55.4893	8.77605	1645
3.1	68.0429	13.5627	1707
2.2	53.3044	11.443	390
0.6	35.913	9.82064	1642
3.6	67.2531	10.7322	1354
5	100.532	16.6291	1370
2.2	53.5759	11.3642	1406
2.5	50.7158	7.29723	2322
2.7	54.5043	9.50291	1569
3.1	57.3739	9.08082	1608
3.7	68.3216	10.6853	1754
4	87.4699	18.4471	1095
2.6	64.605	15.6685	265
5	100.516	16.1289	973
3.1	70.4602	14.521	1517
2	53.2698	12.5734	47
3.3	68.2806	15.3518	1226
3.2	58.2927	9.18846	1759
3.6	72.1645	12.3106	1540
3.4	73.9397	14.2024	1523
2.9	62.9926	12.8284	948
1.6	48.2981	12.1225	1522
3.3	72.7352	14.3171	1669
2	46.2826	7.37013	837
2.9	62.3652	10.2101	67
4	86.9157	17.7401	639
1.7	49.4619	12.1048	41
0.9	40.0701	11.9832	2297
3.7	64.6005	10.0579	1700
3.4	76.0186	16.0799	626
2.9	55.313	8.61877	916
2.3	54.7178	11.4194	1756
1	40.8595	11.1519	476
1.8	48.5931	10.5838	1177
5	84.6612	8.74428	1404
2.8	55.3932	9.10029	1705
2.6	56.4618	10.3463	270
3.4	69.8305	13.722	597
3.1	69.6952	15.186	1194
5	85.0595	9.38273	274
2	51.2707	10.2779	1699
2.9	63.0309	13.1297	1278
3.4	65.052	10.6646	741
0.8	38.262	10.2916	812
2.4	61.3477	15.1793	1074
3.1	68.0897	13.8459	1684
3.7	60.4288	7.88309	2439
3.4	65.1175	10.6994	728
3.8	81.2978	15.0152	774
1.5	45.0328	10.0319	1989
4.8	101.541	18.5972	1519
3.7	77.7193	13.4724	1674
3.5	77.6194	15.3672	478
3.3	68.2774	15.3411	1226
3.8	79.0618	13.4251	1801
3	69.0086	14.4547	373
3.3	70.1249	12.7326	1384
3.8	81.4064	13.8675	1593
2.1	55.6069	13.2726	1308
5	104.989	17.5368	1342
4.3	92.1434	17.6723	723
3.5	62.566	10.0658	1666
5	93.3505	16.5923	1164
2.2	55.207	11.5533	124
1.4	43.9394	9.94577	182
3.7	77.6857	13.1365	1674
2.5	55.515	10.5805	77
0.5	35.0782	10.2048	151
5	102.738	16.4031	1087
0.9	39.5628	10.6948	1
4.5	82.3377	12.0084	424
0.8	37.9668	9.95269	1895
3	66.6298	13.3258	1570
2.1	52.2172	11.0871	1589
2.1	51.3306	10.2855	263
3.2	66.8539	12.8639	1047
4	87.3849	17.4195	479
5	87.4091	11.4774	580
2.5	62.4975	15.0586	229
3.7	81.5615	16.949	704
1.1	42.1671	11.3924	476
4.7	83.0715	10.3993	193
0.4	33.8026	9.39469	1929
2.3	57.371	13.0436	47
5	84.5348	8.58867	1140
0.3	32.929	9.69461	777
2.6	53.0914	9.31041	1166
2.6	53.0306	8.66376	2419
2.3	49.2427	7.45291	1327
5	100.216	15.5825	1500
3.8	82.9599	16.5767	1974
3.7	64.6383	10.4357	1700
2.6	56.5658	10.3066	102
1.4	46.3198	12.5409	584
3.4	65.0714	10.6662	765
2.6	51.402	7.1282	1085
3.4	65.1214	10.7037	728
1.3	41.402	8.77371	1239
5	102.726	17.3907	2269
1.2	43.1974	11.2885	656
5	87.4211	11.4924	580
4.9	103.483	18.3505	1026
1.9	51.9046	12.2723	1782
2	47.8131	8.4965	1965
4.7	82.4282	10.0443	1614
0.4	34.1501	10.4447	213
3.6	59.8982	7.91168	1728
1.8	48.8746	11.3556	394
0.9	37.6492	7.71695	1282
3.2	71.9168	14.5662	1764
3.3	61.0059	10.1837	2124
4.2	80.2377	13.202	1126
3.4	65.0434	10.6539	741
3.9	70.9279	10.7606	979
2.1	55.6231	13.0939	1135
2.3	57.0349	12.7769	1688
3.7	73.6024	13.048	304
0.4	33.8996	9.70633	1835
4.2	78.2149	11.3463	137
5	102.736	16.4012	1087
5	105.311	18.8531	2303
4.4	82.4913	12.9693	1746
2.5	62.8531	15.6297	339
5	84.3723	7.76527	1658
3.7	68.1521	10.3766	1417
4.8	85.2057	11.534	768
1.8	45.9802	8.79031	621
3.2	69.4667	13.7697	1795
0.7	37.015	10.0252	1895
3.7	60.7041	8.05875	1856
1.2	41.4798	9.4122	1055
3.8	81.3208	15.0408	774
5	102.746	16.4111	1087
3.9	76.4528	13.9468	492
3.8	65.592	9.91464	1778
3.1	56.0232	7.32295	2181
5	105.493	18.9439	1181
1.7	43.4729	6.52259	188
3.7	68.1667	10.5226	1417
3.4	73.6909	12.6946	619
5	87.4162	11.4862	580
3.8	81.3923	13.7262	1593
2.5	55.5149	10.5803	77
4.2	88.2082	14.7319	527
2.8	54.6093	8.88287	1332
0.1	30.9999	9.99918	0
5	105.264	18.5877	1680
1.2	41.4598	9.38724	1055
5	90.6852	13.4892	1697
4.1	88.0283	16.8071	1581
3.6	72.1701	12.3661	1540
1.9	49.3623	10.2953	33
5	102.74	16.4047	1087
2.4	61.2405	15.0601	1074
4	86.8994	16.6232	1089
2.5	50.7119	7.29295	2322
5	99.7058	14.9	2213
1.3	45.2484	12.8951	25
3.3	59.2388	9.46089	1767
1.7	43.9228	7.47305	156
2.1	47.662	7.55785	302
2.9	56.2953	9.62204	817
3.3	72.4902	12.5788	683
0.6	35.5066	9.04465	1929
5	102.766	17.7378	2129
3.8	69.1832	10.3108	1874
0.4	34.0896	10.2757	1
0.6	36.1346	10.2713	8
4.6	83.1822	12.852	2356
2.7	66.2624	15.7553	1503
4.8	84.1914	10.3829	285
2.7	54.9591	10.1065	1371
3.8	61.1873	7.58548	1796
4.8	84.1826	10.3731	285
4.9	103.559	18.5453	1181
1.9	45.582	7.44916	904
3.3	60.6429	9.20928	1565
3.7	73.4057	12.356	1900
4.9	86.3444	11.001	769
0.1	30.9842	9.84226	0
1.9	50.228	10.2432	1223
2.2	58.0584	14.6143	298
2.4	61.3498	15.0627	191
1.2	43.3024	11.353	1830
4.2	91.3063	19.282	1660
2.6	61.2438	13.0555	1345
4.7	88.1151	14.4951	1379
2.8	65.8149	14.1452	885
3.1	67.4112	12.5997	1131
1.3	44.0678	11.2078	2379
2.7	57.5615	10.4017	2405
1.7	43.4709	6.51933	188
3.8	65.616	10.1547	1778
2.6	64.6968	15.7833	265
3.8	61.1391	7.10309	1796
4.3	79.8569	12.6869	396
3.1	67.4663	12.8108	549
3.4	62.0838	10.1781	1921
3.4	65.1378	10.7136	370
5	102.742	17.5267	1283
4.6	83.5378	12.001	1820
0.5	35.2456	10.5552	749
4.3	92.1563	17.5304	1236
1.7	45.0229	8.39498	944
3.8	81.4456	15.2381	917
1.8	44.7639	7.29169	367
3.9	61.8688	7.29714	1944
5	99.3804	13.8958	1747
5	99.3432	13.5237	1747
4.8	83.4286	10.0039	1854
3.2	69.398	13.551	1751
3.8	61.5396	8.3549	1879
2.5	50.9013	7.58638	1702
2.6	53.9206	10.07	444
2	54.6563	13.4698	1668
1.1	40.1662	9.17303	5
1.2	43.1774	11.569	1719
3.9	61.9746	7.8726	1922
3.4	65.1118	10.7111	765
1	40.6111	10.6713	1
3.9	80.3901	15.3755	1795
1.3	41.0529	8.05589	1832
4.6	97.9737	18.1829	1030
3.5	78.1059	15.7488	411
3.3	74.6716	15.7633	382
1.7	43.9326	7.31926	203
0.8	37.1874	8.862	1127
3.9	61.8199	6.80839	1944
2.8	50.9116	6.02475	2131
0.8	36.8797	7.99512	404
2.6	56.5832	10.3415	102
2.6	49.3006	5.96449	1975
2	54.857	13.9242	275
4.8	89.5699	14.5481	1936
1	40.6329	10.6955	1
3.8	69.8883	10.9913	1120
2.7	52.113	7.1107	1845
1.7	44.5206	7.91521	544
1.8	51.9314	13.1615	793
0.7	37.0073	10.0104	0
5	85.6361	9.6796	1362
2.5	50.4515	7.13135	543
4.3	93.2309	19.2461	1934
3.1	65.0386	11.164	1713
4.7	82.3239	9.62217	719
1.6	43.0084	7.45254	1127
4.1	88.5622	16.6275	1904
1.8	44.4691	7.10218	203
4	77.345	12.6948	1340
4.5	82.5208	13.439	1711
2	54.2749	13.2591	1482
0.9	38.5148	9.40196	5
4.4	95.163	19.3213	1992
4	62.589	7.20169	1956
4.5	97.1084	19.4543	2002
0.6	36.0663	10.1291	2389
2.9	56.3545	9.68774	817
2.6	64.6784	15.7604	265
3.1	64.4588	10.2368	1413
0.7	37.2414	10.4467	328
3.3	64.332	11.0274	276
2.3	54.1259	11.0365	2026
3	56.18	8.62516	916
0.5	35.3684	11.0572	1245
4.1	88.6659	17.0793	920
2.5	52.6042	9.57764	632
5	102.683	17.2165	1326
1.9	50.152	11.7855	454
4.6	83.8848	13.6396	1999
3.9	82.7892	15.3118	1805
4.1	63.3361	7.4715	2003
4.6	83.8571	13.3629	1999
1.5	45.4474	10.1274	843
4.4	79.7714	10.2365	274
1.2	43.9858	13.3424	755
1.3	43.0898	10.1069	14
1.7	47.504	10.7236	963
4	62.4964	6.7643	1977
1.4	45.9408	11.599	30
5	99.7137	14.8088	1293
1.7	43.4886	6.54885	188
3	63.6819	10.6186	2425
3.8	65.697	10.3481	2192
2.5	51.6731	8.35296	1403
1.7	43.6372	6.84723	1436
4.4	83.5439	14.176	772
4.1	78.6085	12.7917	1540
2.7	64.826	14.4534	613
2.4	55.2247	10.9884	2011
4.3	92.0358	17.571	1514
3.2	71.1822	15.154	1457
3.9	62.3793	8.39727	1961
5	90.6852	13.4891	1697
0.5	34.8754	9.75808	1867
0.5	35.2205	10.5827	1640
4.8	96.7478	15.4609	1197
4.1	63.3131	7.24127	2003
1.8	44.1351	6.55147	1096
3.3	61.0461	10.1449	1921
4	86.3532	16.9029	853
2.1	51.3207	10.2688	61
2.6	56.5041	10.3673	2405
4.3	91.1623	16.203	957
2	47.6266	8.64058	662
0.9	37.6393	7.77208	110
1.5	47.7112	12.7193	660
4	62.7753	8.00709	1967
1.8	44.3136	7.16266	2437
2.6	51.4365	7.30501	1169
3	68.3204	13.3947	1037
2.5	62.4987	15.0604	229
3.8	69.9332	11.286	2300
3.2	71.2875	14.1915	1398
2.3	54.7081	11.3222	1756
3.4	61.6087	9.543	1014
4.6	99.0543	19.2347	639
5	85.6361	9.67972	1362
2.8	61.6236	10.41	355
2	51.3374	12.1576	66
1.3	41.426	8.3212	708
3.9	70.9939	11.0567	1985
1.4	46.3135	12.4774	584
3.2	69.4758	13.8609	1795
3.1	69.6963	15.1873	1194
2.8	61.4285	12.8169	2390
1.9	49.3829	10.3247	33
3.9	66.6424	10.1589	1700
0.6	35.8524	9.60504	617
1.1	41.7144	10.7075	1
1.8	45.8862	8.42082	452
0.5	35.1974	10.4553	1508
1.9	46.9086	8.31483	2172
2.7	64.3935	13.9102	1964
3.4	61.5426	10.0418	1666
4.8	84.1891	11.0627	985
2	51.3417	12.1682	66
3.8	69.2312	10.6444	1888
5	90.6885	13.4933	1697
2.9	62.624	10.807	59
3.2	59.8983	10.6222	1448
0.9	37.6484	7.44415	1623
2.3	57.2977	12.8476	264
2.2	56.9324	13.0924	1864
2.2	47.2158	6.82862	2253
2.9	62.3689	10.0814	355
3.5	63.1136	10.298	1947
5	87.3987	11.4644	580
1.2	43.1837	11.5816	1719
3.4	62.0948	10.1937	1921
4.7	84.409	12.1562	993
2.6	59.5303	11.2833	166
3.4	65.0677	10.6842	741
3.6	64.1392	10.2221	2098
3.1	57.0586	8.78672	2012
5	105.488	18.7016	1290
3.1	70.4462	14.3818	1517
4.5	92.4568	15.7304	1954
5	90.681	13.4839	1697
1.4	41.8931	7.72172	1576
2.5	58.6744	12.028	347
0.6	35.4191	8.23356	113
3.5	78.0915	15.7327	411
3.9	66.6438	10.1635	1700
1.4	42.2808	8.78814	1847
5	90.6792	13.4817	1697
2	52.6968	10.9834	1682
3.1	64.7477	10.6187	2088
4.2	90.6774	18.1525	618
4.9	98.2947	15.4695	2045
3	70.0887	15.6368	458
1.3	40.9994	7.99639	1832
3.1	70.0841	14.3814	1612
2.3	54.1191	11.0252	2026
3.2	65.8073	10.4369	1548
2.8	55.9141	10.0521	1202
2.5	51.6892	8.37315	1403
4.3	92.5603	18.2397	1683
2.9	56.3541	9.68736	817
3.3	60.9628	10.9954	1145
4.7	97.4446	17.2628	1600
2.8	55.4106	9.27388	1705
1.9	45.4894	7.26684	1721
2	53.3486	12.714	1966
4	63.21	8.30688	2041
2.6	64.6574	15.7341	265
2.5	61.9124	14.2772	382
4.1	63.5818	8.06459	2056
1.4	46.5428	13.1032	139
4.3	91.1493	16.0731	957
1.2	40.3568	8.29295	2158
3.4	65.1359	10.7115	370
2.1	51.3326	10.2822	61
4.3	81.5639	13.1569	406
0.6	36.2784	10.5796	2044
2.3	47.9334	6.49766	367
1	39.9321	9.9321	0
2.4	58.2827	12.3764	1060
1.9	49.3792	10.3194	33
3.2	65.4679	11.9445	1781
4.8	85.6132	12.8173	337
3.5	75.0405	12.7522	1473
2.9	55.3066	8.60968	916
4.8	89.5203	14.2949	1659
3.4	61.5351	10.0311	1666
0.9	37.7354	7.67468	555
5	90.6951	13.5016	1697
3.6	79.1471	15.2769	1802
4.5	84.9717	14.2776	2035
0.3	32.8931	9.54452	1929
4.2	91.266	18.879	1660
5	90.6691	13.419	1677
4.6	99.0783	19.2586	639
1.8	50.8285	12.2269	103
2.6	64.6485	15.7229	265
3.5	78.086	15.7267	411
3.8	78.9921	13.0638	1815
2.9	56.3578	9.69148	817
1.3	45.3341	13.4824	2024
3.3	59.2201	9.27396	1767
3.9	82.8041	15.3283	1805
3.3	66.6721	12.0426	2148
3.8	65.6961	10.3459	2192
1.2	41.0882	9.01925	617
2.3	50.8096	9.90964	665
2.9	55.3001	8.60038	916
1.7	47.5205	10.2906	174
3.4	62.1079	10.2126	1921
3.5	75.3585	14.188	1769
0.8	38.5931	10.8323	2375
1	39.0914	9.00144	777
3.1	67.3981	12.5734	1131
2.4	50.8971	7.9608	1270
2.3	47.499	6.26974	713
0.7	36.245	8.25917	2110
3	63.6643	10.599	2425
3.4	65.0623	10.6775	741
3.1	64.4564	10.2338	1413
3.6	79.6529	15.6692	2164
3.9	62.3663	8.26759	1961
0.6	35.8511	9.60067	617
3.4	65.108	10.7069	765
0.7	37.0167	10.0238	0
3.4	61.5577	10.0635	1666
5	90.684	13.4877	1697
3	63.661	10.5953	2425
1.3	42.3698	9.33082	1655
3.9	66.5426	9.50629	1884
2.2	55.7474	12.757	48
0.9	38.4703	9.34642	5
2.5	62.7968	15.3347	387
2.9	67.774	14.5362	635
1.7	47.7164	10.5847	2374
4.4	93.7794	17.4359	2039
2.7	52.5731	7.57244	1175
4	71.9963	10.6833	1863
3.9	80.3891	15.3743	1795
4	67.6657	10.2195	2112
4.6	86.7873	15.1645	1696
4.1	68.666	10.0024	2206
3.8	81.5259	15.3384	917
3.8	74.9166	13.0909	359
3.6	80.0837	16.7528	479
3.2	63.157	10.9242	276
4.8	96.7258	15.2413	1197
2.8	55.4023	9.19076	1705
3.2	58.2786	8.74672	1837
2.6	64.4287	15.3213	707
1.2	40.5112	8.36133	641
1	38.3706	7.45451	1979
5	90.6719	13.4222	1677
4.2	88.2659	16.2229	1268
2	50.9652	10.99	1008
4.9	85.2206	10.7714	611
4.8	85.6169	12.8226	337
2.9	54.2847	8.29677	1314
2.6	51.139	6.87475	1991
4.7	101.005	19.269	2161
0.2	31.9353	9.5588	147
3.9	74.7156	11.3358	196
1.7	47.7541	10.6266	2374
3.1	64.5146	9.95194	568
4.7	84.373	11.9081	1918
2.9	63.4039	11.4488	623
1.9	49.3831	10.3249	33
3.4	65.1202	10.7024	728
3.6	76.7542	13.9563	2177
2.5	52.7089	9.61013	1013
3.4	69.8199	13.8515	403
3.1	64.5333	9.98934	568
4	85.1048	15.9534	740
2.8	62.1919	11.7685	88
4.3	89.9337	16.5172	1276
4.7	97.5359	17.3349	782
2.6	53.9621	10.116	444
4.8	83.3269	9.75286	1281
2.3	57.0175	12.7293	1019
1.2	41.4853	9.41912	1055
0.8	37.0223	8.1726	110
5	86.3105	10.8988	2222
5	87.3983	11.4849	1287
2.4	58.2988	12.5373	1060
5	91.2541	13.8343	746
3.9	85.576	18.3138	949
1.3	41.07	8.07485	1832
0.6	36.0938	10.1577	1108
3.4	62.0858	10.1809	1921
1.1	39.8162	8.82613	777
2.6	56.5742	10.3234	102
3.6	79.1609	15.4334	980
3.9	70.2172	10.3396	1915
3.4	62.0223	10.1638	1860
1.8	50.7278	11.7944	348
1.8	45.2083	7.8025	450
1.9	49.383	10.3249	33
3.4	60.2102	9.71361	1908
0.6	35.912	9.81008	1642
1.1	41.8925	10.9728	942
4	81.9474	15.5732	1970
4.9	85.3329	10.7635	241
4.8	99.2477	17.3433	1215
0.8	37.2458	8.92708	988
1.6	46.4789	10.2672	98
3.7	78.1533	13.8716	1515
1.5	47.53	12.2446	1579
3.7	81.8619	16.9243	479
2.3	56.3668	11.5985	1813
5	90.6941	13.5003	1697
0.6	35.4128	8.1701	113
1.8	44.0545	5.62663	237
0.8	38.5851	10.7565	1622
4.8	102.935	19.2993	2226
3.8	79.5015	13.8229	1515
3.2	65.5328	10.0649	486
4.6	81.8307	10.3446	1362
1.3	41.2441	8.25996	190
3.3	66.5341	10.0127	2282
2.1	53.7892	11.762	763
4.6	86.7438	14.8284	1386
4.1	89.3009	18.3816	1652
2.3	58.2454	13.1299	2092
1.2	43.9425	12.5111	21
4.7	85.182	13.2491	2021
5	90.6704	13.4205	1677
0.8	38.4716	10.7469	4
4.7	85.2491	11.6002	787
2.5	59.5112	12.8442	280
1.7	47.7191	10.5877	2374
0.7	37.6735	11.5254	2013
4.1	68.7226	10.5685	2206
2.6	56.4741	10.3639	915
3.1	62.0329	10.8715	276
2.1	53.7887	11.7615	763
3.4	65.0714	10.6817	1354
4.2	90.2289	17.4882	723
3.8	82.0175	15.5098	675
2.5	55.5107	10.5757	77
5	99.4587	17.5113	2267
4.7	85.2614	11.6139	787
2.6	61.2834	13.2772	489
3.3	68.3548	12.3282	907
1.9	49.3499	10.2775	33
4.3	92.0189	17.5521	1514
3.3	74.9593	16.2325	494
2.9	67.8633	14.9725	1388
2.7	53.6346	8.60756	1555
1.5	47.5418	12.3115	571
4.1	83.5124	15.65	2267
3.3	70.1014	12.7031	1384
1.4	45.1944	11.266	1939
2.1	53.7955	11.769	763
1.7	47.7864	10.6625	2374
2.7	57.5037	10.3754	694
1.6	44.1483	8.33579	895
1.2	42.9896	10.9706	2266
4.6	86.7798	15.0896	1696
2.6	64.6062	15.6701	265
1.9	45.9898	7.60649	2069
2.9	55.5371	8.78939	2053
2.9	67.6716	14.303	613
3.6	76.3618	12.9961	1558
2.9	56.3524	9.6854	817
4.7	88.2864	14.862	524
4.8	82.8572	8.51865	610
4	75.8332	11.9939	1993
5	88.6272	13.2025	485
4.2	91.2268	18.6658	1692
2	53.3476	12.7126	1966
0.6	35.736	9.35667	1835
1.4	43.2849	9.15113	2195
2.3	58.9044	13.5095	308
1.1	40.9123	9.91238	1895
2	51.3003	11.6325	1418
2.1	51.334	10.2836	61
5	90.6786	13.4809	1697
3.1	57.0342	8.63816	2151
2.4	50.8849	7.60358	1621
0.9	37.6362	7.41153	2277
4.2	90.3795	17.136	2014
1.5	44.2112	9.26266	2338
4.8	89.7769	14.9046	2331
3	57.2442	9.48841	1911
2.4	57.3807	13.6329	66
1.7	50.2503	12.7896	1482
2.2	55.9191	12.8248	666
3.9	82.7903	15.313	1805
4.8	86.5128	13.308	2291
4.1	76.7562	12.5426	2148
1.4	44.1273	10.1424	692
4.1	64.0498	8.39781	2133
3.1	67.532	13.3618	1602
3.2	71.2932	14.2103	1398
4.1	83.5	15.5265	2267
4	86.998	17.8286	704
4.4	93.7725	17.5367	2311
4.9	91.2465	14.6967	2349
3.5	71.2124	13.9253	2237
5	92.7156	14.691	2364
4.5	95.521	17.9669	1519
3.3	72.6749	13.9543	714
2.2	56.9134	12.966	1427
0.3	32.8847	9.494	2227
1.8	45.3352	7.91948	249
0.7	37.1583	10.2832	151
5	105.12	18.7273	2418
0.8	38.1902	10.3185	2372
0.7	37.5098	10.8252	1232
3.3	59.1694	8.90776	2215
3.7	78.162	13.884	1515
0.6	36.2796	10.5915	2044
0.8	38.4639	10.734	4
4.5	85.2109	14.6559	524
2.7	49.6522	6.19441	457
4.7	85.2516	11.603	787
2.9	62.4076	10.1245	355
3.6	71.4232	11.5445	1590
2.3	47.5558	6.61585	371
2.6	52.763	8.15576	729
3.9	70.2059	10.2263	1915
2	52.9593	11.7759	53
0.1	31.0018	10.0176	0
2.1	52.4567	11.6259	51
2.1	46.455	6.81954	2120
3.4	69.4039	12.8185	1047
3.3	60.6526	9.30581	1565
3.7	81.7627	17.1074	1388
2.4	55.2308	10.7349	2201
4.2	85.0425	15.4243	2361
2.7	61.0777	12.1009	1530
1.9	49.3891	10.2719	34
3.8	79.0758	13.5648	1801
3.1	58.1969	9.28579	1569
0.7	37.5067	10.8228	31
2.3	58.6186	13.3611	1443
3.4	74.1643	14.2908	1772
3.1	69.693	15.1836	1194
2.1	51.3205	10.2686	61
4.4	81.1241	12.6715	1945
5	105.105	18.7055	2418
3.3	60.9671	10.106	2124
5	86.2964	10.6507	241
4.6	81.4353	10.1595	531
3.8	74.6524	12.467	1927
3.4	65.0641	10.6797	741
0.8	38.8305	11.1658	1170
2.2	53.3226	11.0534	1823
1.6	48.7548	12.2485	2273
4.3	78.7607	10.6474	465
4.2	64.9191	8.69364	2358
4.3	92.0107	17.5431	1514
2.1	48.6987	8.55039	1625
3.3	68.3731	13.3748	1126
1	41.3132	11.4431	1170
3.1	67.5504	13.4044	1069
4	67.4481	9.0548	2196
4.5	84.4258	13.9893	831
2.1	54.1252	11.6593	2388
4.3	78.6175	10.3629	472
4.2	64.8935	8.4372	2358
1.8	44.3238	7.17397	2437
4.5	83.7908	12.9949	1871
4	71.255	10.3786	2259
3.5	75.0469	12.8165	1473
3	57.3288	9.41484	1758
0.6	35.5963	9.20577	407
3.4	61.6054	10.1316	1666
2	50.8647	10.9726	1044
4.7	88.3087	14.8938	524
0.9	37.8672	8.60378	1929
3.4	65.1046	10.703	765
2.8	53.334	7.60876	2203
3.2	63.1163	10.8339	2300
2.2	53.3278	11.1063	1823
3.4	65.0464	10.6576	741
2.6	64.6831	15.7662	265
2.4	58.5357	13.2058	428
5	105.49	18.7228	1290
4.7	83.0696	10.4472	1266
2.8	52.8174	7.1065	1079
3.8	74.9846	13.1486	406
0.3	32.9822	9.95706	552
end_tree
moving_vehicle
-270	-5.625	1.5708
-259.062	-5.625	1.5708
-247.357	-5.625	1.5708
-235.282	-5.625	1.5708
-222.799	-5.625	1.5708
end_vehicle
moving_obstacle
obs_size	5
start
-290	-5.625	1.57
-278	-5.61544	1.57
-266	-5.60589	1.57
-254	-5.59633	1.57
-242	-5.58678	1.57
end
start
-230	-5.625	1.57
-216	-5.61385	1.57
-202	-5.6027	1.57
-188	-5.59155	1.57
-174	-5.58041	1.57
end
start
-230	-9.375	1.57
-216	-9.36385	1.57
-202	-9.3527	1.57
-188	-9.34155	1.57
-174	-9.33041	1.57
end
start
-230	1.875	-1.57
-244	1.88615	-1.57
-258	1.8973	-1.57
-272	1.90845	-1.57
-286	1.91959	-1.57
end
start
-280	5.625	-1.57
-295	5.63694	-1.57
-310	5.64889	-1.57
-325	5.66083	-1.57
-340	5.67278	-1.57
end
end_obstacle
obstacle	0	obs3	-290	-5.625	1.57	12
obstacle	0	obs4	-230	-5.625	1.57	14
obstacle	0	obs5	-230	-9.375	1.57	14
obstacle	0	obs1	-230	1.875	-1.57	14
obstacle	0	obs2	-280	5.625	-1.57	15
vehicle_state	0	-270	-5.625	1.57	10
