final_path
0	40	10	-260	-5.625	1.5708
0.1	40.9861	9.86113	-259.014	-5.625	1.5708
0.2	41.9653	9.72284	-258.035	-5.625	1.5708
0.3	42.9307	9.58456	-257.069	-5.625	1.5708
0.4	43.8822	9.44628	-256.118	-5.625	1.5708
0.5	44.8199	9.308	-255.18	-5.625	1.5708
0.6	45.7438	9.16972	-254.256	-5.625	1.5708
0.7	46.405	9.03144	-253.595	-5.625	1.5708
0.8	47.2965	8.80004	-252.703	-5.625	1.5708
0.9	48.165	8.56864	-251.835	-5.625	1.5708
1	49.0103	8.33725	-250.99	-5.625	1.5708
1.1	49.8324	8.10585	-250.168	-5.625	1.5708
1.2	50.6314	7.87445	-249.369	-5.625	1.5708
1.3	51.4073	7.64305	-248.593	-5.625	1.5708
1.4	52.1601	7.41166	-247.84	-5.625	1.5708
1.5	52.8897	7.18026	-247.11	-5.625	1.5708
1.6	52.659	6.94886	-247.341	-5.625	1.5708
1.7	53.3419	6.71104	-246.658	-5.625	1.5708
1.8	54.0012	6.47322	-245.999	-5.625	1.5708
1.9	54.6366	6.2354	-245.363	-5.625	1.5708
2	55.2482	5.99758	-244.752	-5.625	1.5708
2.1	55.8361	5.75976	-244.164	-5.625	1.5708
2.2	56.4002	5.52193	-243.6	-5.625	1.5708
2.3	56.9405	5.28411	-243.06	-5.625	1.5708
2.4	56.696	5.04629	-243.304	-5.625	1.5708
2.5	57.1892	4.8184	-242.811	-5.625	1.5708
2.6	57.6597	4.59051	-242.34	-5.625	1.5708
2.7	58.1073	4.36262	-241.893	-5.625	1.5708
2.8	58.5322	4.13473	-241.468	-5.625	1.5708
2.9	58.6494	3.90684	-241.351	-5.625	1.5708
3	59.0291	3.68639	-240.971	-5.625	1.5708
3.1	59.3867	3.46594	-240.613	-5.625	1.5708
3.2	59.7223	3.24549	-240.278	-5.625	1.5708
3.3	60.0358	3.02504	-239.964	-5.625	1.5708
3.4	60.3273	2.8046	-239.673	-5.625	1.5708
3.5	60.5967	2.58415	-239.403	-5.625	1.5708
3.6	60.8441	2.3637	-239.156	-5.625	1.5708
3.7	61.0694	2.14325	-238.931	-5.625	1.5708
3.8	60.3799	1.9228	-239.62	-5.625	1.5708
3.9	60.5616	1.71012	-239.438	-5.625	1.5708
4	60.7219	1.49744	-239.278	-5.625	1.5708
4.1	60.8611	1.28475	-239.139	-5.625	1.5708
4.2	60.9789	1.07207	-239.021	-5.625	1.5708
4.3	61.0755	0.859389	-238.925	-5.625	1.5708
4.4	61.1508	0.646707	-238.849	-5.625	1.5708
4.5	61.2048	0.434024	-238.795	-5.625	1.5708
4.6	61.2376	0.221342	-238.762	-5.625	1.5708
4.7	60.3877	0.00865949	-239.612	-5.625	1.5708
end_path
tree
0	40	10	-1
0.1	40.9848	9.84784	0
0.2	41.9566	9.71816	1
0.3	42.9418	9.85157	2
0.3	42.9154	9.58839	2
0.4	43.839	9.23533	4
0.4	43.8777	9.62225	4
0.5	44.7814	9.32964	4
0.6	45.7393	9.5796	7
0.7	46.7145	9.47669	149
0.8	47.6938	9.57069	1461
0.9	48.6654	9.53932	177
0.4	43.9573	9.87031	134
0.5	44.7259	8.86911	5
0.5	45.0225	10.045	0
0.7	46.6923	9.40898	64
0.6	45.573	8.4716	13
1	49.6239	9.54508	177
0.7	46.4392	8.87365	1503
1.1	50.585	9.55232	177
0.1	41.011	10.1104	0
1.2	51.5497	9.64725	19
0.8	47.2941	8.89581	2
0.9	48.1706	8.75867	4
0.4	43.9343	9.79988	1461
0.5	45.0069	10.0138	0
1.3	52.5315	9.48893	484
1.4	53.4711	9.39525	26
1.4	53.5542	9.50865	1130
0.6	45.6148	9.17594	1721
0.2	42.0605	10.495	20
0.3	43.131	10.7045	30
0.4	44.2285	10.975	31
0.4	44.2088	10.644	445
0.5	45.3277	10.7803	445
0.1	41.004	10.0397	0
0.6	45.6272	9.17642	2
1.5	54.4189	9.46968	299
1.6	55.3324	9.37416	548
1.7	56.2148	9.25962	1244
0.5	45.2903	10.8158	33
0.6	46.4254	10.9774	34
1.5	54.6145	9.65059	1946
1.8	57.0659	9.28736	2165
0.6	45.6046	9.0493	1503
1.6	55.6911	9.78304	2230
1.7	56.7267	9.82988	1406
1.9	57.9189	8.5302	43
1.7	56.7743	9.79786	476
0.1	40.9781	9.78063	0
2	58.7979	9.17668	1205
0.6	45.7214	9.40034	7
0.6	46.4508	11.2309	34
2	58.7331	9.13846	827
1.7	56.7949	9.78505	1004
0.5	44.9779	9.95577	0
2.1	59.6249	8.91835	53
1.7	56.7955	9.78612	1004
1	49.0535	8.82808	23
1	49.0411	8.70437	23
1.8	57.808	9.83902	2061
1.8	57.7943	9.79081	1668
1.1	49.9305	8.58182	7
0.9	48.2048	8.81555	4
0.4	43.8696	9.54192	4
1.9	58.883	10.8875	61
1.9	58.8411	9.89357	1687
2	59.9871	9.97085	2183
1.6	55.3891	9.42518	1130
2.1	61.1207	10.1279	1845
1.9	58.776	9.79529	1668
1.7	56.3671	9.454	2235
1.8	57.1135	9.03785	119
2	58.7545	9.16231	827
1.1	49.9391	8.59621	7
0.7	47.5944	11.2889	408
2.2	60.4981	9.4207	1423
0.5	44.9811	9.96223	0
2.3	61.375	8.76845	76
1.8	57.3205	9.29187	1681
2.4	62.2953	9.20325	78
0.7	47.5239	11.0736	523
1.5	54.5687	9.58592	2235
1.9	58.29	9.69429	79
2.4	62.2346	8.70009	73
2.2	62.2796	11.5891	69
2.3	63.4145	11.3487	85
0.4	44.2012	10.6188	445
0.8	48.6323	10.9972	276
1.9	58.8518	10.5753	61
2	59.7926	9.84828	1668
1.2	50.8023	8.63179	74
0.8	47.614	9.21637	15
2.3	63.4646	11.8499	85
2.4	64.6926	9.63181	1780
2.1	60.8112	10.1858	90
0.7	46.405	9.03144	1889
2.4	64.6627	9.59441	1780
2.4	64.5005	10.86	86
0.5	44.9257	9.79275	177
0.6	45.6125	9.17023	1721
2.4	64.562	11.4749	86
2.4	64.5481	11.3361	86
2.5	65.8591	11.9647	97
2.5	65.557	10.5652	98
2.5	65.9314	12.3877	94
2.5	63.2369	8.91527	289
0.6	46.0043	10.0071	0
0.3	43.1024	10.4183	30
2.5	63.2012	8.82237	266
1.1	49.9375	8.59362	7
0.4	44.1246	10.453	276
2.5	63.2176	8.88322	289
0.8	47.3096	8.92163	2
2.5	63.1118	8.77212	84
2.5	65.8207	11.5805	97
0.7	46.487	9.06084	2
2.5	65.5989	10.9847	98
2.6	64.1004	8.8753	289
1.5	54.4021	9.43555	165
2.6	64.2232	9.86319	106
2.6	64.1704	8.78289	557
2.5	65.583	10.8251	98
0.7	46.5485	9.08259	4
0.9	48.5357	9.42664	1461
2.7	65.2205	8.9124	384
0.2	41.9568	9.78699	49
0.6	45.9714	9.95231	0
2.6	63.9803	8.68514	114
0.5	44.8421	9.59106	149
2.3	63.4478	11.6822	85
2.5	65.7069	11.4494	101
2.7	64.8509	8.67883	266
2.5	65.6719	11.2383	102
0.1	40.9962	9.96207	0
2.2	61.8189	10.1148	762
1.8	57.7766	9.79034	1004
2.7	65.0092	8.7335	557
0.7	46.9675	9.95354	0
2.5	65.8315	11.6879	97
2.8	66.2465	10.2594	125
2.8	65.715	8.6409	132
0.5	44.9461	9.8878	12
0.6	45.9051	9.81774	134
2.8	65.9037	8.94576	137
0.3	43.1134	10.5285	30
0.8	47.6851	9.55821	1461
0.3	43.1202	10.5961	30
2.3	62.8262	8.59499	1097
0.3	42.9239	9.67267	2
0.7	46.9996	9.99948	0
2.1	59.6586	9.1134	1205
2	58.7739	9.18388	827
0.5	45.1523	10.3624	1228
0.8	47.2077	8.02769	96
0.8	48.7755	11.8111	75
1.6	55.3365	9.40489	165
2.8	66.178	9.5741	125
1.9	58.0102	9.16545	1244
0.9	48.0011	8.51881	1503
2.7	65.2149	8.90615	384
0.9	49.9945	11.4737	1489
1	48.753	7.51939	159
0.6	46.3733	10.8291	40
1.1	49.4853	8.24434	1503
1.3	52.515	9.4683	484
1.3	51.666	8.63693	91
1.2	50.7847	8.54256	62
0.4	43.8945	9.706	149
0.8	48.7293	11.3024	1131
1.3	51.6418	8.57051	167
1.2	50.2405	7.55268	164
1	51.203	12.029	75
0.9	49.9446	11.5201	408
1.3	50.9589	7.18398	171
0.9	49.8725	11.3686	840
1.4	51.669	8.01998	1309
0.2	41.9879	9.91664	134
1.2	50.274	7.88732	164
1.3	51.086	7.96034	1562
2.7	65.2183	8.90994	384
0.4	44.1667	10.5327	145
0.8	48.0024	10.028	150
0.5	45.2181	10.6138	276
0.8	48.6363	11.2417	1283
1.7	56.7832	9.80777	476
0.8	47.2248	8.67003	1503
0.5	45.3634	11.3487	32
0.8	48.6326	10.9978	276
1.1	49.9361	8.59124	7
1.5	52.3944	7.64514	1562
1	51.2097	12.051	75
1.3	51.0002	8.27177	1960
0.8	48	10	0
1.6	53.114	7.16104	1078
1.6	53.1376	7.43198	190
2.4	63.8518	10.2566	148
0.2	41.9753	9.90489	1
2.4	63.8169	9.90727	148
2.5	65.9124	12.1983	94
0.9	48.6728	9.59574	134
0.9	48.5373	9.42876	1461
1.7	53.8907	7.30537	1737
0.7	46.8927	9.87588	143
1.7	53.8228	7.08791	194
2.5	64.8813	10.1728	613
0.7	46.4163	9.05034	1889
0.8	48.7377	11.4334	75
1	50.9843	11.1879	276
1.2	50.2566	8.37146	1046
1.1	52.4058	11.72	523
1.4	51.9351	8.49075	179
1.5	52.3506	7.32251	186
1.5	52.7938	7.96293	36
1.8	54.5133	7.15129	1737
1.8	57.9018	11.1853	185
2.6	65.9253	10.4399	205
0.3	42.9279	9.71276	2
2.8	66.1134	8.98485	160
1.7	56.2602	9.3458	1130
1.1	52.0769	10.9262	208
1.2	53.6208	12.1501	210
1.4	52.5278	8.61814	166
1.4	51.8862	7.7003	410
1.2	53.6013	11.9547	210
0.6	46.1861	10.3055	795
0.6	46.519	11.5567	187
1.6	53.5802	7.72796	23
2.6	65.8979	10.1664	205
1.3	54.7895	11.8822	224
0.9	49.0127	10.0142	0
0.8	47.2627	8.74586	1503
0.9	49.9563	11.4109	1793
0.7	47.4529	10.8378	276
0.4	44.1485	10.4581	20
1.9	58.0068	9.15976	1244
0.9	48.0439	8.59013	1503
1.5	54.5608	9.57459	2235
1.4	55.9848	11.8748	391
0.4	44.1791	10.596	483
1	48.8637	8.63388	2
1.5	52.7835	7.95145	36
1.9	55.1657	6.52407	214
2	55.8215	6.54086	214
2.1	56.475	6.63868	2112
2.2	57.0856	6.57219	2112
1.5	52.7671	7.93324	36
1.1	49.9591	8.55815	1930
2.3	57.7026	6.35538	2169
0.9	49.8906	11.5284	207
2.4	58.3283	6.30156	1527
0.7	46.5505	9.0876	4
1.8	54.6653	7.36587	410
2.5	58.9505	6.0054	1823
2.6	59.606	6.5552	253
2.6	59.5556	6.05115	253
2.7	60.1194	5.80899	1604
0.8	47.3007	8.90691	2
2.8	60.6887	6.6913	2024
1.7	54.3643	7.84123	227
2.7	60.284	6.43293	1025
1.8	55.1672	7.736	63
1.3	54.8491	12.0439	2071
2.7	60.162	6.06406	255
2.8	60.6762	5.88843	1883
1.5	52.7919	7.96081	36
1.9	57.9078	9.15358	19
0.5	45.1418	10.1729	111
0.5	45.2647	10.6353	87
1.9	55.19	6.76617	214
2.9	61.3086	6.63656	2024
2.8	60.6633	5.86268	1883
3	61.9553	6.07832	1472
0.8	47.4557	9.07231	123
1.5	57.149	12.0975	249
0.6	46.177	10.2753	795
0.2	42.034	10.2292	20
1.4	56.0899	12.4087	262
1.9	55.4578	7.32625	734
1.8	54.642	7.24768	1527
3.1	62.6287	5.51833	340
2.1	56.488	6.65735	2112
1.9	55.9482	7.52216	62
1.5	53.4059	8.78168	222
0.6	46.1526	10.1074	267
0.7	47.1691	10.2752	35
1.5	52.7824	7.95023	36
0.9	49.8832	11.4552	207
0.6	46.273	10.6055	2170
1.9	57.8877	9.18197	17
0.8	48.539	10.847	2170
1.5	57.3435	12.3084	981
1.1	49.7115	8.4951	4
0.9	49.6202	10.8121	290
0.7	47.5822	11.3146	52
2	56.1881	7.19625	292
2	56.689	7.4997	736
1.6	58.5877	12.4415	291
1.4	51.9159	8.29885	179
0.6	45.8962	9.79994	134
1.9	55.9859	7.55832	736
1.5	57.181	12.1507	249
3.2	63.2982	5.49629	2185
2	56.199	7.20827	292
1.7	59.8089	12.5016	961
2.9	61.2516	5.65581	1922
1.8	61.0291	12.3859	756
3	61.8235	5.74057	1168
1.9	62.2461	12.1701	306
0.7	47.2293	10.4321	225
0.7	46.5002	9.08728	2
2.7	65.1081	8.82587	388
2	59.2569	9.74389	1040
2	63.4763	12.6071	417
3	61.9196	6.10996	270
2.1	64.7266	12.8325	850
0.7	47.3221	10.5247	1228
2.2	65.9741	12.4752	315
3.1	62.3867	5.63214	307
1.4	53.5196	9.53244	484
0.9	48.1172	8.80088	2
3.3	64.0156	5.47422	2246
0.6	46.1617	10.3397	1888
0.8	48.2782	10.4367	1888
2.1	57.4836	7.94583	296
2.2	58.3178	6.05847	27
2.2	58.3103	6.04901	27
3.3	63.9534	5.39641	2246
3.4	64.6012	6.47828	327
2.1	57.4304	7.41399	296
2.2	58.2894	6.02288	27
1.5	57.1785	12.1466	249
3.2	62.9699	5.24973	1383
0.8	48.2698	10.3798	35
3.2	62.9046	5.33375	1500
1	50.6883	10.6809	293
2.3	58.8764	7.23001	329
3.5	65.2717	5.94971	1224
1.4	51.6515	7.9908	1309
3.3	63.5787	5.20455	396
2.8	60.9732	5.97861	1057
0.8	47.6642	9.52832	1461
1.6	58.4035	12.2252	301
0.7	47.1587	10.2578	35
2.2	58.2739	6.0036	27
3.6	65.9655	6.93747	337
2	63.4203	12.374	654
1.5	52.747	7.9109	36
1.6	53.5936	7.74707	23
2.1	64.5844	12.7059	1492
2.4	59.5928	7.16419	336
0.9	48.3641	9.08405	273
1.5	52.7369	7.89969	36
2.3	58.9139	6.03686	326
1.9	58.7634	9.77421	1668
3.4	64.1339	5.55246	339
1.1	49.5156	8.28228	1503
2.2	65.9933	12.6675	315
2.2	65.7847	12.0023	349
2.2	58.2764	6.00668	27
3.4	64.0507	4.72067	339
2.2	58.2866	6.01937	27
1.3	50.9913	7.50807	171
0.5	44.8159	9.46284	64
2.8	60.6704	5.87691	1883
1	48.787	8.42456	1503
3.3	63.5544	5.84499	332
3	61.9356	6.27018	270
1.1	52.4058	11.72	523
3.5	64.6843	5.50446	355
1.9	58.2646	9.31046	1681
1.5	52.7978	7.96734	36
0.6	46.3279	10.6357	387
1.1	51.7444	11.0381	868
1	51.2098	12.0513	75
1.2	50.8727	8.90998	1790
1	51.0229	11.5873	1283
2.5	60.3429	7.50044	350
3.6	65.2566	5.72304	369
3.5	65.249	5.92444	1224
1	50.9976	11.0972	387
1	51.1176	11.7299	173
0.9	49.3251	10.4015	35
3.6	65.9402	6.68481	337
1.8	57.1994	9.298	1919
3.6	65.8779	6.2892	379
3.5	64.5333	4.82592	360
0.1	41.0101	10.1008	0
2	58.93	9.16419	165
2.6	61.1078	7.49509	644
1.3	51.6834	8.73927	627
0.5	45.2975	10.887	33
2.7	61.8972	7.62797	644
3.6	65.2158	5.31495	369
2.8	62.7304	7.5928	834
1.5	57.1556	11.8698	922
2.8	60.9764	5.98254	1057
0.7	47.1639	10.2665	35
1.1	52.4155	11.7339	523
3.7	65.8258	5.69199	378
0.6	45.7129	9.31515	7
0.5	45.1985	10.4712	387
2.9	63.6089	8.78493	394
1.2	50.8571	8.1647	267
2.1	64.6973	12.721	917
1.2	52.8002	10.8753	1674
1.6	54.2955	8.72315	627
3	64.4825	8.61794	392
0.5	45.3366	10.8025	445
3.6	64.9862	4.92909	2185
0.9	48.036	8.57706	1503
2.5	60.3039	7.11037	350
0.7	46.4194	9.05551	1889
3	64.5209	7.72585	1818
0.9	48.6125	9.52272	1461
1.1	49.9392	8.59637	7
3.6	65.0131	4.76879	280
1.5	57.1728	12.137	249
1.4	56.0785	12.24	981
3.7	65.5074	4.94305	416
2	56.2003	7.20973	292
1.9	58.1349	9.30944	1919
3.1	65.4108	7.94379	1374
2.7	61.8689	7.61103	389
2.2	58.2786	6.00938	27
0.2	41.9669	9.82076	1
3.1	65.4309	7.97256	1374
0.5	44.7707	9.31716	5
0.8	47.3113	8.92454	2
3.7	65.4279	4.4166	409
2.2	58.2719	6.00109	27
1.1	52.1096	11.1986	2170
1.2	53.1661	11.3436	2205
2.5	60.3118	7.19015	350
1.2	50.8703	8.90532	1790
0.7	46.5043	9.0954	2
3.2	66.3101	8.99298	422
1.4	56.0693	12.3442	878
0.1	41.024	10.2399	0
3.1	65.4612	7.98669	1995
1.4	53.5197	9.53258	484
1.5	52.7823	7.95013	36
0.7	47.3323	10.6687	401
0.8	47.6348	9.48642	1461
2.5	63.2226	8.89155	289
0.1	41.0156	10.1557	0
3.8	65.832	4.04099	429
2.7	60.1442	6.03052	1883
2.9	63.544	7.67036	834
1	51.0337	11.5386	2071
2	58.7539	9.16157	827
3.2	66.3026	8.7169	426
2	59.209	9.32526	1681
2.8	60.6683	5.87269	1883
1	50.0199	10.0199	0
3	64.355	7.7254	834
3.1	65.4372	7.97446	2174
1.1	51.7491	11.0499	868
2.6	61.0366	7.24743	433
3.1	65.1389	7.73805	834
1	50.0132	10.026	499
1.1	49.4598	8.21257	1503
1.6	53.5224	7.76359	668
1.6	53.6019	7.75893	23
2.6	61.002	7.04595	350
2.5	65.9198	12.2721	94
3.2	65.8771	7.3814	459
2	59.0781	9.26401	440
0.8	48.2025	10.3193	962
2.3	58.9289	6.11029	325
3.2	65.9052	7.66249	459
1.2	50.8656	8.8958	1790
2.7	65.2097	8.90039	384
1.3	51.6998	8.27186	375
1.2	50.1223	6.62472	461
2	55.8695	6.78866	1759
0.8	47.9562	9.9453	0
0.7	47.3965	10.6855	372
1.5	57.1755	12.1416	249
1.6	58.6303	12.6512	878
0.7	47.2196	10.3995	1888
0.7	46.5524	9.09241	4
0.3	42.9344	9.77684	126
0.2	42.0599	10.3595	438
0.5	44.9404	9.8309	12
2.1	56.5513	6.60775	1506
3.8	65.8882	4.60283	429
0.8	47.2383	8.69695	1503
2.1	59.6315	8.80057	27
0.2	41.9142	9.3612	49
2.4	58.3495	6.3319	1527
0.9	49.7246	10.9912	2170
1.7	53.8381	7.24079	194
1.3	50.7383	6.16001	474
1.7	59.9493	13.1902	479
2.3	58.9096	5.99313	326
2.2	58.2947	7.94586	929
1.6	58.2953	12.0788	88
2	55.864	6.74047	269
0.7	47.0054	10.0077	0
0.5	44.8219	9.52264	64
3.2	65.9423	8.03382	459
2.7	65.2184	8.91	384
3.1	65.3229	6.8523	1628
3.7	65.7621	5.46285	393
1	51.2476	11.6257	863
0.7	46.4768	9.04043	2
2.2	57.2437	6.60773	2169
0.8	47.4137	9.09403	435
0.9	48.1841	8.78103	4
1	50.3627	10.3986	35
1.5	57.1715	12.135	249
0.6	45.925	9.84652	484
1.8	61.3023	12.9347	878
1.9	62.6989	13.1066	878
1.1	52.5448	11.8081	1962
0.8	48.3985	10.5588	1228
2.4	59.5072	7.04023	813
2.5	65.6849	11.3679	102
1.9	62.6756	13.0679	878
1.4	52.5239	8.85469	2108
1.9	55.3698	7.27845	279
1	51.2287	11.5987	863
0.4	44.2018	10.6208	445
0.2	42.0279	10.1238	445
2.2	58.2849	7.92948	929
0.6	46.1574	10.3254	1888
2.2	60.5176	8.51022	72
1.7	55.1995	8.46189	2248
1.9	55.2124	6.9902	214
1.4	51.7643	7.81322	1562
1.9	62.6783	13.0723	878
1.2	50.1588	8.07674	1503
1.9	62.6587	12.8579	1501
3.6	65.8971	6.48136	379
1.9	62.7026	13.1128	878
2	58.7976	9.12517	19
1	50.8086	10.8398	491
1.3	51.06	7.92321	1562
2	63.9534	13.1295	902
1.9	62.7003	13.109	878
2.1	65.297	13.4364	539
2.5	60.2133	7.06129	517
0.9	48.6144	9.52509	1461
2.2	66.6623	13.6528	541
1.3	54.838	12.2005	207
3.1	65.4817	8.01231	1995
1.8	57.7552	9.79111	663
1.3	52.5202	9.51432	12
0.3	42.8016	8.87389	489
0.5	45.1709	10.4633	111
0.9	49.8687	11.0721	20
0.8	47.4641	9.11745	481
2.4	59.5016	7.0262	813
1.6	58.2829	12.0632	88
2.1	65.2674	13.3939	944
0.6	46.1824	10.2933	795
1.9	58.0224	9.17887	165
0.3	43.0396	10.1166	524
2.2	58.2803	7.92195	929
3.2	66.1541	8.31133	503
2.2	66.6303	13.3326	541
1.5	52.7848	7.95293	36
3.2	65.9209	7.81976	459
3.2	66.4556	9.73895	546
0.9	48.6737	9.59692	134
1.5	53.386	8.58189	222
1.4	51.3501	6.11812	493
1.7	55.19	8.75492	627
0.6	46.032	10.0534	0
3.1	65.4441	7.98439	2174
1.2	53.5911	11.7552	398
0.9	49.8813	11.4355	207
2.9	61.2606	5.77523	253
0.6	46.1728	10.2049	153
1.4	52.5347	8.86816	2108
2.8	65.8815	8.72385	137
1.2	50.86	8.16872	267
1.7	55.1935	8.44162	2248
2.2	66.5618	12.9433	555
1.5	52.5274	7.6309	530
2.2	66.5801	13.1264	555
1.2	53.8193	12.0137	1131
2.3	58.8553	7.24053	1736
0.5	45.3449	11.164	32
1.7	56.7638	9.73496	919
2.3	57.9364	6.88974	475
1.2	50.5628	8.51283	292
0.2	41.9677	9.82954	1
0.9	48.5776	9.47906	1461
1.7	53.8846	7.29534	1737
0.8	47.312	8.92563	2
1.1	51.7581	10.7508	1228
0.6	46.4062	10.7847	34
2.7	60.2782	6.95119	1618
1.6	55.5127	9.51919	237
1.6	55.5409	9.60291	2235
1.2	52.8537	10.9563	592
1.3	54.3096	11.4354	432
0.4	43.652	8.50457	549
1.1	52.496	11.8395	1131
1.6	58.3217	11.8267	571
2.5	64.7943	9.27938	1314
2	63.9787	12.9435	1501
1.5	51.9539	6.03801	567
2.1	59.634	8.80425	27
3.8	65.8619	4.34002	429
2.4	59.5423	6.13458	469
1	50.9773	11.0747	387
0.5	44.4668	8.14786	599
1.6	52.5239	7.25631	1509
2.5	60.1993	6.97767	553
1	48.7967	8.43842	1503
2.2	61.8294	10.1821	95
1.6	58.2989	12.0833	88
2.7	61.6988	6.96802	464
0.9	48.6769	9.60082	134
1.2	53.2185	11.0889	431
0.9	48.526	9.41461	1461
1.6	58.3848	12.1331	511
1.9	58.0208	9.17622	165
0.2	42.0168	10.0671	387
3.7	65.748	5.32142	393
1	51.044	11.5642	2071
1.7	53.051	5.27074	610
1.2	53.5782	11.7239	210
2.8	62.4055	7.06666	615
1	49.0616	8.7753	509
0.5	44.7661	9.27085	5
1.2	53.1628	11.3354	2205
1.4	51.3633	7.98958	2036
1.2	53.1715	11.3573	2205
0.8	48.1843	10.3244	1039
2.7	65.2102	8.88514	1726
1	48.8687	8.64018	2
1.6	53.6017	7.75869	23
1.8	57.8302	9.86368	2061
0.6	45.2711	8.04251	609
1.3	53.9489	11.0036	1877
2.1	59.5693	8.71175	27
2.8	62.3673	6.93608	350
1.7	53.1005	5.766	610
2.8	60.7138	5.74863	1922
0.4	43.6663	8.64709	549
2.4	59.6088	7.32361	336
1.3	54.3235	11.3898	2205
0.8	47.2438	8.70814	1503
1.2	53.8537	12.5187	75
1.5	52.0112	6.4786	630
2.2	66.6373	13.4025	541
1	51.024	11.59	1283
1.3	55.1005	12.2627	40
1.4	55.4579	11.4833	598
1.3	51.0308	7.61198	186
1.1	52.2838	11.7309	2071
2.7	60.2779	6.95089	1618
0.5	44.8433	9.59732	149
1.2	52.8564	11.1208	373
3.2	66.3213	8.84164	456
3.2	66.4325	9.50787	546
1.2	53.8882	13.2028	505
1.6	52.5563	7.29222	1509
1.5	54.5753	9.59539	2235
0.9	48.9432	9.93688	0
2.2	58.2848	7.9294	929
2	59.9054	10.4446	21
1.6	53.2927	7.50949	410
1.8	53.589	5.37996	624
1.5	52.746	7.90985	36
0.6	45.2625	7.95716	609
0.6	46.2471	10.4795	1228
1.1	52.2846	11.7325	2071
1.6	58.3248	11.8343	571
0.2	42.0319	10.1636	445
0.9	48.3832	9.19102	552
1.8	57.777	9.79104	1004
0.9	49.2109	10.2656	632
1.8	53.5379	4.86898	624
2.4	59.4376	6.90332	300
1.9	54.1494	5.60425	667
0.5	44.4927	8.40701	599
1	50.817	10.9231	491
1	49.3048	9.21507	674
1.1	51.0252	10.0495	499
0.7	47.0405	10.0578	0
1.1	50.2232	9.01215	363
1.9	53.9776	5.03116	174
1.2	51.1338	8.96048	1942
0.4	43.6849	8.83289	549
2.6	65.7707	9.76398	602
2.5	60.1347	6.8872	813
0.7	47.2953	10.4799	1228
0.9	49.3293	10.4066	35
1	51.0992	11.5461	173
0.7	47.6854	11.1163	445
0.6	46.4858	10.9405	445
3	61.8411	5.63653	642
1.3	50.7916	8.25047	2019
1.6	54.2387	8.65645	170
2.8	60.6501	5.83636	1883
3	61.8044	5.52814	305
1.5	52.7464	7.9103	36
1.5	52.6531	7.6689	223
2	55.9098	6.80323	2112
1.6	58.3155	11.8111	571
1.6	58.3111	12.0986	88
2	63.4633	12.5909	1623
1.4	55.4322	11.4032	1534
1.6	52.5622	7.29881	1509
1.1	52.4574	11.7844	1131
3.7	65.8747	6.18018	378
1	50.6976	10.7669	1228
2.2	66.6455	13.4846	541
1	50.2283	10.3183	1286
1.3	55.2238	12.7157	75
1.1	51.7738	11.1037	442
1.8	53.5673	5.1625	624
2.1	64.6772	12.7066	1405
0.4	43.8724	9.56995	4
0.9	48.0667	8.2846	487
1.6	55.3637	9.4177	1919
1.9	55.94	7.51195	62
2	54.7195	5.70073	679
0.6	45.2316	7.64809	609
1.5	56.6135	11.4714	1534
0.4	43.6775	8.75913	549
0.7	45.9546	7.43873	609
2	59.9784	9.96607	1845
2.8	60.6823	5.90068	1883
2.2	57.1324	6.50825	1506
0.5	44.5323	8.88551	49
2.5	60.3091	7.16283	350
0.7	46.4771	9.04092	2
1.3	53.8382	10.8845	2202
1	48.8642	8.6345	2
2.4	64.5547	11.4025	86
1.1	49.9393	8.59651	7
2.8	60.9198	6.06883	278
0.6	45.3299	8.49978	1213
1.9	54.1365	5.47505	667
1.2	53.4178	11.3325	671
1.1	52.249	11.7221	1283
1.1	52.1364	11.2285	2170
1.7	53.1597	6.03441	661
1.8	53.5722	5.21229	624
0.8	47.4594	9.08877	251
1	49.5667	9.47357	177
0.7	46.8773	9.81128	299
1.1	52.2644	11.6922	2071
1.9	54.1295	5.40435	667
1.3	53.8326	10.8765	2202
2.9	63.0473	6.85855	411
2.6	60.8288	6.94151	690
1.4	51.3296	5.91316	493
2.2	66.018	12.9145	315
3	63.7183	6.7906	464
1.2	53.5975	11.8201	398
1.4	54.903	10.8786	2131
0.6	46.3305	10.6409	387
0.5	44.5103	8.58276	599
2.1	55.2971	5.57191	604
2.8	60.6649	5.86595	1883
1.9	58.7844	9.90175	61
0.8	48.2532	10.3561	35
0.8	46.6876	7.92941	1213
0.9	49.3307	10.4084	35
1.7	54.0449	7.52203	666
2.1	55.287	5.55508	604
2	58.9404	9.15548	26
1.6	53.1292	7.84019	1309
1.5	54.5818	9.60463	2235
0.5	44.8409	9.58524	149
2.7	65.208	8.88269	1726
1.9	53.992	4.54088	677
2.7	61.8632	7.55408	389
2.5	60.1511	6.92007	813
1.5	52.7841	7.95216	36
0.6	45.8039	9.61916	1461
0.6	45.327	8.49265	1213
1.9	54.0248	4.86883	677
1.2	53.1697	11.3527	2205
0.7	46.4946	9.0759	2
1.3	55.2351	12.7346	75
1.3	53.8519	10.8345	2006
0.7	46.0554	8.2508	1213
2.5	64.8164	9.33469	1314
1.3	53.9505	11.0077	1877
1.2	52.8431	10.8496	592
1.1	52.4147	11.8739	40
1	48.8496	8.61624	2
1.4	55.0395	10.9367	1483
1.3	50.9952	7.54671	171
1.9	58.8251	9.94851	636
1.3	53.9268	10.9728	1674
1.8	53.7676	6.07911	743
0.3	43.0944	10.345	483
1.7	53.0826	5.58643	610
0.5	45.2725	10.8113	1489
2	54.4155	4.23454	773
2	59.7998	9.84774	636
1.1	50.2328	9.0282	363
1.5	53.3645	8.61367	170
1.7	54.2957	7.68271	1355
1.9	54.0983	5.26051	744
1.3	50.7807	8.22319	2019
2.9	63.1154	7.01051	2052
0.4	44.1773	10.5868	483
2.3	57.9275	6.85996	475
1.3	50.8456	7.97714	1309
1.5	56.1299	10.9037	790
1.5	53.3445	8.2059	520
1.3	55.0234	12.0414	582
1.3	52.0433	9.08182	64
2	56.6911	7.502	736
2.1	54.7947	3.79222	798
1.6	52.659	6.94886	96
1.1	52.1027	11.191	2170
1.6	52.6499	6.93884	96
1.4	55.4533	11.4453	1534
2.1	60.2297	9.4076	1437
1.7	55.1706	8.72712	627
1.7	59.4912	12.0125	654
0.7	46.062	8.4732	49
2.2	55.1764	3.81742	814
2.2	55.1563	3.92909	686
1.6	53.6018	7.75873	23
2.3	55.532	3.55533	823
1.1	50.5085	9.51225	134
1.2	52.0414	10.0618	107
1.6	54.2374	8.65226	170
1.2	53.3877	11.3618	926
2	54.4413	4.49297	773
0.7	47.6788	11.1055	445
0.5	44.5541	8.74714	1213
2.2	58.1747	7.44302	329
0.9	47.4272	8.06139	49
1.6	58.3067	12.093	88
1.8	53.7524	5.92677	743
2.2	66.0099	12.8331	315
1.7	54.3675	7.75097	1930
0.5	45.3251	10.7738	445
1.3	55.2198	12.7091	75
1.9	54.3401	5.87706	837
2.1	65.2744	13.2106	539
2.1	60.9584	9.47758	1285
0.8	47.2341	8.68856	1503
1.2	50.8705	8.90574	1790
3.1	65.4317	7.97362	1374
3.1	62.5657	5.45102	1383
1.6	58.3936	12.1508	331
1.6	58.3103	12.0976	88
2.2	66.5975	13.2312	843
1.9	54.0824	5.15161	716
2.6	65.8155	9.99094	785
1.4	56.3324	12.3194	651
2.4	55.8838	3.51855	826
2	59.9742	11.1279	247
2	58.7564	9.16438	827
2.3	55.5587	4.02363	824
2.5	56.1875	3.03641	855
1	49.9302	9.93018	0
0.9	47.4221	8.05502	49
1.7	56.2764	9.36383	1130
0.3	43.1096	10.4702	445
1.1	52.1078	11.1966	2170
0.2	41.969	9.84171	1
2.4	55.9555	3.72366	1642
2.6	56.4996	3.12142	859
0.7	47.3291	10.6528	401
1.9	58.7337	9.75902	1004
1.2	51.1151	8.91845	685
1.5	52.7528	7.91734	36
2	54.4925	5.14874	686
2.5	56.3937	4.38276	866
1.1	50.9264	9.89659	1154
2	54.621	5.22672	803
0.7	46.0752	8.49521	49
2.5	56.2534	3.69577	855
1.3	54.8349	12.1944	207
0.7	47.328	10.5345	1228
1.9	58.0055	9.1508	165
2	54.5143	4.89481	779
0.7	46.698	9.42781	64
1.6	54.1565	8.88345	1785
0.8	48.4673	10.7086	477
0.7	47.5769	11.2614	52
2.1	54.9912	4.76884	881
1.4	56.4833	12.4366	40
1.8	56.0422	8.43462	2162
2.5	56.3403	3.84874	866
2.6	56.632	3.7859	877
3.7	65.4921	4.78976	416
1.4	51.4731	7.24015	96
0.6	46.2163	10.4179	1228
2.1	59.7095	9.10896	289
2.2	55.464	4.74178	716
1.6	54.2427	8.66977	170
0.6	45.2542	7.87351	609
2.4	59.5101	7.04764	813
0.9	49.7324	11.0022	2170
1.7	53.3706	7.11697	815
2	54.9281	5.88001	842
1.4	56.0757	12.2005	398
0.7	46.5036	9.094	2
2.7	57.0023	2.21618	1378
0.6	46.516	11.5268	187
0.7	45.985	7.53368	723
0.9	47.3919	8.01731	49
1	51.0107	11.5568	1283
1.4	52.5609	8.74823	627
2	54.5963	5.1387	852
0.4	43.693	8.91394	549
2.9	63.1132	7.00311	2052
3.1	62.3496	5.60721	1166
2.3	55.9217	4.57706	895
1.7	54.9639	8.35842	167
1.5	52.7569	7.92191	36
1.7	59.6089	12.1963	88
3.8	65.9709	4.78764	891
1.1	50.9228	9.88936	1154
1.3	55.0998	12.2618	40
1	49.0899	8.8517	63
1.3	54.7817	11.8414	756
1.9	55.9414	7.51371	62
1.1	52.2868	11.7369	2071
2.8	57.3431	3.40838	904
1.1	52.2515	11.727	1283
0.5	44.5226	8.56364	643
3.5	64.4963	4.45547	360
1.6	53.5272	7.90286	352
1.7	53.336	6.86084	817
1.3	50.8421	7.97018	1309
2.6	56.7266	3.86223	889
3.2	66.1661	8.43201	503
2.9	57.6771	3.34186	889
3.4	64.0972	5.1852	339
2.6	56.7225	3.82147	889
1.5	56.5981	11.448	818
3.1	62.5231	5.38008	1383
0.3	42.8369	9.2272	489
0.7	47.3962	10.6562	758
1.2	51.9099	9.88622	1154
1.5	57.7357	12.5239	887
2.6	56.4501	2.6268	859
2	63.9281	13.2445	479
2.3	57.7182	6.37483	2169
2.7	56.8139	3.14346	867
1.4	51.7926	7.84851	1562
2.1	55.1085	5.13021	852
2.8	57.1004	2.86414	946
1.1	52.2859	11.7351	2071
0.8	48.3431	10.4784	691
1.9	54.4036	6.35999	794
0.4	43.9106	9.76146	482
2.7	56.7107	2.60548	943
1.8	56.0799	8.77293	627
2.7	56.8307	3.31101	867
2.4	59.4312	6.89062	300
1	50.3753	10.4126	35
2.6	56.8147	4.20974	873
0.8	48.3718	10.4964	316
1.5	57.3086	12.3924	437
0.7	47.1706	10.2777	35
1.6	57.7391	11.4106	937
2.5	60.21	7.02873	517
2.7	61.8555	7.47748	389
0.9	49.4208	10.4899	960
2.7	65.2018	8.8758	1726
2.8	56.9799	2.69229	954
2.1	56.9026	7.14442	295
2.3	57.7903	6.46492	2169
1.7	56.5255	9.84616	596
2.1	55.1517	5.30719	875
3	63.8256	7.10173	805
1.2	50.8654	8.89539	1790
0.8	47.6445	9.50028	1461
1	49.5222	9.47544	1461
2.3	59.1023	7.96441	929
2.7	65.213	8.88819	1726
2	55.0521	6.22471	708
2.6	56.8374	4.43677	873
0.9	49.9585	11.4218	1793
3	57.9876	3.10489	934
3	58.023	3.45876	934
2.7	57.1241	3.97494	932
1.2	51.1223	8.9905	685
1.8	57.5143	9.58778	1460
0.4	44.1269	10.3895	387
2.7	57.2848	4.13057	716
0.3	42.8344	9.20176	489
1.7	58.8692	11.301	963
2.1	55.3011	5.5786	604
0.8	48.3837	10.5377	1228
2.1	60.2418	9.43805	1437
2.8	57.695	4.32132	1144
3.1	64.396	6.78803	464
2.1	64.6517	12.3134	346
1.8	53.5825	5.31444	624
1.5	52.7485	7.91263	36
2.7	57.285	4.13078	716
1.3	53.9698	11.134	657
2.8	60.6834	5.90295	1883
2.9	57.2504	2.70523	968
2	63.9217	13.2286	479
1.2	51.9024	9.8738	1154
0.6	45.2861	8.19257	609
2.1	56.9229	7.22674	420
2.2	65.8882	12.3658	996
2.9	58.0997	4.00123	2072
0.7	46.007	7.75417	723
2.2	60.5162	8.82179	605
3.1	64.5258	7.18758	542
3	57.474	2.54451	954
1.3	55.255	12.7678	75
2.3	55.9354	4.71399	895
2.2	55.677	5.25358	972
0.6	45.9349	9.86003	1251
0.3	42.8661	9.51898	489
3.1	58.274	2.86431	982
2.1	55.5208	5.92683	901
1.3	51.6719	8.14784	403
3.1	57.7007	2.2669	1012
3	57.5321	2.81682	1002
1.4	56.0548	12.1994	878
0.4	43.9028	9.74896	217
2.4	58.3542	6.35982	945
1.8	54.0089	6.72914	930
0.3	42.9543	9.8539	865
1.5	53.3763	8.73372	231
3.2	57.8841	1.83348	1021
3.2	57.9142	2.13465	1021
1.2	53.8301	11.9116	863
3	58.477	3.77351	1008
1.1	51.4197	10.5217	1039
2.9	58.0998	4.00149	2072
0.9	47.4188	8.05086	49
1.1	52.2633	11.69	2071
3.3	58.0661	1.82053	1029
1.4	51.7481	7.79293	1562
0.4	44.0545	10.1686	35
1.2	51.4618	9.53363	827
2.7	65.2105	8.88544	1726
2.6	61.0328	7.21003	433
2.4	56.3664	4.44745	914
1.9	56.9841	8.45117	685
3.2	65.2497	7.19481	542
0.8	46.908	8.46053	822
2.9	58.1149	4.02654	2072
2.4	56.3801	4.58417	914
3.1	58.8554	3.94556	2072
2	58.8262	9.1569	19
1.1	49.7088	8.49173	4
3.4	64.7067	5.98718	1224
1.3	55.2407	12.7439	75
3.1	58.8516	3.94085	2072
2.6	56.6185	3.65131	877
2.4	58.6075	6.81135	1093
2	56.1903	7.1987	292
0.4	43.9159	9.81409	482
2.2	55.6051	5.04497	796
3.4	58.2671	2.00987	1037
1.1	52.084	11.1702	2170
1.3	52.0197	8.90968	1942
2.1	55.6662	6.14163	979
2.1	54.8425	4.32448	686
3	61.8059	5.54306	305
0.6	45.2758	8.08996	609
1.6	55.5245	9.58242	2235
0.6	45.7174	9.36064	7
3.5	58.5143	2.47192	1060
2	55.8549	6.64976	269
1.2	52.4649	10.4519	1033
1.7	59.4891	12.0627	554
1.6	57.7852	11.717	724
0.7	46.0866	8.51426	49
3.4	58.2137	1.47595	1037
1.1	51.3977	10.5059	1595
0.3	42.8477	9.34796	49
1.4	51.6818	7.42832	186
3.2	58.566	2.96322	934
1.4	55.4257	11.407	2186
3.5	58.3224	1.39906	925
3.5	58.4507	1.83584	1060
3.3	58.1182	2.04001	1030
1.2	50.5517	8.42857	1051
3.2	58.5452	2.7116	1018
1.8	55.0611	7.6182	63
1.5	53.4465	8.76979	627
1.9	54.384	6.16387	794
0.7	46.4996	9.08609	2
3.1	57.7322	2.55387	954
1.6	53.4204	7.673	702
3	58.5089	4.04534	1186
1.9	55.2018	6.88461	214
2	54.9245	5.84457	842
0.9	47.4204	8.05295	49
0.7	46.0843	8.51044	49
1.5	55.9502	10.4716	757
3.1	58.3061	3.18509	982
1	51.0224	11.5859	1283
1.6	58.36	12.2562	1623
3.3	58.8164	2.84836	934
2.1	59.6678	9.12356	1205
1.3	52.0489	9.08806	64
3.3	65.9417	6.9204	1045
1.4	55.0899	11.085	1877
3.5	58.3628	1.49052	1075
1.3	55.1995	13.1131	660
0.4	43.7083	9.10064	49
3.6	58.4672	2.1156	2113
2.7	57.3013	4.14896	716
3.1	58.8957	4.02561	1186
2.3	61.3683	8.50744	527
3	58.5186	4.05749	1186
0.5	44.6101	9.01868	1108
1.7	59.4837	11.9998	654
2.3	56.0975	4.92456	1059
2.5	56.3539	3.98407	866
0.4	43.7022	9.00613	549
1.5	52.7807	7.94839	36
0.7	47.1578	10.2564	35
3.2	59.2058	3.13726	1948
3.6	58.7626	2.48328	1069
3.1	58.3744	3.51456	983
2.5	56.8038	4.65146	796
1.7	56.4891	9.58954	2235
3.3	58.8046	2.8188	934
0.5	44.8644	9.699	168
3.7	58.6114	1.44241	1109
3.8	58.781	1.69625	1128
0.8	47.849	9.72917	12
0.4	44.2083	10.6425	445
2.1	55.4997	5.75195	1094
3.8	58.7498	1.39262	1030
3.3	59.5924	4.0482	1117
2.9	57.3871	2.86697	949
2	57.8344	8.50221	1044
3.9	58.9584	1.77395	1129
0.5	44.5829	8.89965	911
1.9	54.3739	6.06255	794
3.6	64.9269	4.86322	2185
3.7	59.0092	1.45943	982
0.7	46.0387	8.21751	1213
2.2	55.6859	5.34224	972
2.4	55.9665	3.74566	1642
1.7	54.9653	8.36119	167
3.9	58.8968	1.0102	982
1	48.8423	8.60707	2
2.2	56.0751	5.75405	1132
2.7	57.295	4.1419	716
1.1	52.1603	11.255	2170
3.4	59.9604	2.73485	2084
1.8	56.0941	8.29842	870
1.5	52.744	7.90762	36
0.6	45.9781	9.96355	0
1.1	52.2521	11.7283	1283
3.9	58.9433	1.06188	982
2.8	60.9204	6.06954	278
0.9	49.4178	10.6623	2202
1.3	50.8563	7.99855	1309
3.5	60.3289	4.00259	932
2.4	62.2528	8.64716	151
3.3	65.9865	7.36874	1045
0.4	44.1854	10.6524	147
0.3	43.0509	10.2177	1228
1.9	54.0785	5.11219	716
2.8	60.6675	5.87108	1883
0.6	45.7628	9.46842	363
2.8	60.6754	5.88688	1883
1.8	54.0811	6.56545	164
3.5	65.4302	7.23423	1052
3.6	66.1936	7.6343	1170
3.7	58.9854	1.42551	982
3.7	59.021	1.47639	982
0.7	46.0773	8.49868	49
1.4	52.9507	9.07451	812
2.3	56.1981	5.21083	1015
1.1	52.2533	11.7305	1283
4	59.0595	1.16278	1156
0.2	41.9914	9.95168	134
2.5	56.8066	4.65502	796
1.3	54.7452	11.6694	625
2.4	64.6483	9.5765	1780
1.7	56.331	9.42449	1130
0.7	46.0405	8.22115	1213
1.5	57.3043	12.3496	437
2.2	55.2726	4.30119	1064
1.9	55.9381	7.50959	62
2.5	60.1544	6.92663	813
4	58.9844	0.876629	1146
1.1	51.9112	10.9038	1228
3.2	58.7245	3.46135	866
2.5	59.2864	6.34018	227
1.7	54.9685	8.36765	167
3.7	58.9905	1.43275	982
1.4	56.3272	12.2675	651
2.7	57.2304	4.21299	1144
1.9	59.0288	10.0394	2188
4	59.1795	2.21109	1137
1.2	53.0061	10.9496	1190
2.9	58.1217	4.07007	1186
1.4	54.9332	10.8138	783
3	61.9436	6.35002	270
4.1	59.4117	1.68199	1037
1.8	54.5649	7.22496	1737
1.2	51.4566	9.48104	827
3.9	58.9408	1.0592	982
1.2	52.8549	10.9681	592
3.6	66.1586	7.28445	1170
1.7	58.8801	11.4228	818
4.1	59.0805	0.961117	1189
1.8	54.5324	7.17855	1737
4.2	59.5695	1.67045	1037
0.2	41.93	9.5191	49
0.7	46.505	9.0968	2
1.4	54.8952	10.6251	750
1.1	50.2273	9.01902	363
3.3	63.9602	5.40489	2246
1.4	55.009	10.9734	2110
4.3	59.7019	1.63578	1037
1.3	51.7723	8.92438	1790
0.8	46.6823	7.9206	1213
0.7	46.1754	8.48391	778
1.4	55.0417	10.9439	1483
2.6	59.917	6.30606	1192
0.8	48.462	10.6496	1228
3.7	59.006	1.4549	982
1.5	56.5264	11.007	1080
0.1	41.0073	10.0733	0
0.5	44.758	9.33808	2
3.3	59.07	3.46058	866
1.6	52.6577	6.94748	96
2.8	60.7073	6.68027	1864
0.4	43.8915	9.67604	149
2.9	61.0097	5.42114	1604
2	58.758	9.1662	827
4.4	59.8819	1.41474	1711
3.4	59.0997	2.6827	1980
2.7	57.2808	4.12617	716
1.8	55.8104	8.41897	1193
0.9	48.5294	9.41879	1461
1.3	55.2294	12.7251	75
3.1	57.719	2.52083	954
2.6	57.2662	4.64847	796
1.3	52.5109	9.46315	484
2.7	60.2618	6.933	1618
1.2	53.8489	11.9325	863
1.4	55.0093	10.9741	2110
0.9	49.4386	10.5492	992
2.9	61.001	5.40878	1604
4.5	60.0943	1.80791	1109
0.2	41.9909	9.94692	134
3.5	59.3976	2.97883	1237
3.6	60.7202	3.91282	1160
3.8	59.1753	1.5428	1173
0.8	46.6613	7.06786	726
2.9	61.0214	5.43794	1604
1.7	55.1649	8.71899	627
0.5	44.4968	8.44756	599
1	48.8892	8.66574	2
2.2	57.622	6.83265	462
2.6	60.8927	6.76483	2141
0.7	47.4844	10.789	20
1.5	52.742	7.9054	36
1.5	56.6082	11.4626	1534
1.9	54.0223	4.84333	677
2.3	59.0635	7.90908	929
1	48.8599	8.62906	2
2.7	56.672	2.21823	943
2.4	59.4427	6.91352	300
4.2	59.1454	0.270954	1592
0.4	43.928	9.77896	1461
4.1	59.0678	0.622906	1156
0.7	47.159	10.2583	35
2.7	57.299	4.14638	716
1.9	54.3768	6.09186	794
4.1	59.4031	1.6712	1037
1.8	54.0177	6.81649	930
1.4	52.9693	9.20434	1103
3.7	61.1082	3.67918	2196
2	59.7589	9.80002	1668
1.9	58.0026	9.14588	165
2	54.5059	4.83625	1265
0.6	46.388	10.9339	87
1.7	54.9486	8.32783	167
1.2	52.4286	10.3094	1076
0.5	45.0692	10.163	35
2.5	56.2352	3.51386	855
2.8	60.9224	6.07171	278
3.1	62.5289	5.38961	1383
2.1	55.2902	5.56047	604
1.8	60.0024	11.7904	457
4.1	59.1816	0.463099	1443
0.8	47.8806	9.81624	1251
1.3	53.0439	10.0643	499
1	50.2362	10.3341	1286
2.1	64.6593	12.3901	346
1.5	52.7356	7.89824	36
4.6	60.265	0.33189	1884
0.9	48.5377	9.42914	1461
0.3	42.9357	9.78964	126
4.3	59.1782	0.579548	1596
4.2	59.162	0.281947	1173
0.9	49.7309	11.0001	2170
1.3	55.2152	12.7014	75
2	59.9736	11.1272	247
1.5	52.4211	7.67483	1562
1.5	53.8528	9.03298	1746
3.4	59.427	3.56985	1230
0.8	46.857	8.20288	1552
0.9	49.2169	10.326	632
2.7	57.7328	4.66566	1243
2.4	58.6354	6.5473	1873
2.3	56.2191	5.33151	604
2.1	61.0825	10.0938	2183
1.2	53.4095	11.2577	654
1.3	51.3987	8.27161	7
3	57.5161	2.65684	1002
1.5	56.2129	11.1412	2150
4.6	60.3249	0.398408	1884
4.7	60.5525	2.27588	1319
1.5	57.7228	12.395	887
2.4	56.7217	5.29748	604
0.6	46.0806	10.1145	1286
1.7	54.9595	8.34958	167
1.9	58.003	9.14664	165
2.4	58.6239	6.53908	2015
1.8	60.0301	11.4402	937
4.1	59.4396	1.71689	1037
1.4	51.8464	7.79641	1737
1.1	52.2567	11.6768	2071
2.2	55.8587	4.53526	195
0.2	41.96	9.81986	49
1.9	57.9984	9.139	165
1.6	53.6013	7.75814	23
2	58.7597	9.1681	827
2	54.6886	5.52123	739
4.2	59.1468	0.273715	1592
0.5	44.8221	9.52432	64
0.3	42.9533	9.84339	865
1.9	61.1861	11.5936	1190
2.5	57.2483	5.14589	1313
0.8	48.3393	10.4404	691
1.3	52.0028	8.87699	870
2.4	59.9006	7.96683	929
1.8	57.4995	9.56926	1460
0.5	44.5567	8.75585	1213
2.1	59.6468	9.137	53
0.6	45.3329	8.70968	49
0.5	44.5042	8.5213	599
0.6	46.3693	10.7901	40
1.5	52.4511	7.41673	159
1.9	61.1914	11.8898	1291
1.5	52.4515	7.4174	159
1.3	52.0074	8.92366	870
0.8	47.3813	8.93166	4
2.7	57.2885	4.13465	716
4.4	59.2345	0.562909	1301
3.1	58.9407	4.07563	1186
2.7	57.7266	4.6044	1243
1.3	55.2343	12.7332	75
1.2	52.8542	10.9804	1225
4.7	60.3877	0.00865949	2158
2.2	57.607	6.91416	246
2	59.9114	10.4521	21
1.9	55.3727	7.30728	279
1.4	54.0683	10.0801	107
0.7	47.1636	10.266	35
4.1	59.1715	0.449098	1836
4.5	59.3066	0.721156	1357
3.4	59.4073	3.37319	1230
1.7	55.1098	8.67008	170
3.6	58.4462	2.08067	2113
4.5	59.2815	0.470651	1357
2.4	59.8501	7.90368	929
4.1	59.1765	0.450444	1443
4.6	59.3093	0.277765	1373
3.1	65.4349	7.97116	2174
2.1	55.6726	5.06995	195
1.3	54.3305	11.4038	2205
1.7	53.9175	7.35015	1737
3.2	59.194	3.12255	1948
1.4	54.9276	10.9195	2131
2.5	59.2951	6.34986	227
1	48.8501	8.61691	2
1.4	51.8389	7.78897	538
1.3	55.2538	12.7657	75
1.8	60.6785	12.0364	2233
4.7	60.3964	0.018347	2158
2.7	61.5828	6.92073	329
1.2	50.5557	8.46828	1051
2.2	57.6152	6.92594	246
1	50.2358	10.3333	1286
1.8	54.0163	6.80265	930
0.9	48.2754	8.94106	1355
0.6	45.3768	8.54137	927
0.9	49.3093	10.3816	35
1	48.8593	8.62839	2
2.2	55.8471	4.51594	195
2.5	60.1518	6.92153	813
3.8	61.4903	3.70678	2190
2.5	60.6916	7.96045	929
4.7	59.3119	0.0263352	1376
1.3	54.2952	11.3494	1874
3.6	59.7076	2.84009	1742
1.7	59.5946	12.1804	88
0.9	48.8628	9.79745	2164
4.5	59.2934	0.589258	1357
0.5	45.3277	10.7803	445
1.9	59.0162	10.0142	2188
1.5	55.9594	10.9207	1516
2.9	61.287	6.03595	1001
1.9	56.6529	8.42414	1239
0.5	44.5085	8.42219	643
2.9	61.1654	4.58158	1232
2.8	58.1724	4.4571	1359
0.8	46.6916	7.93603	1213
1.4	55.9152	12.0493	249
1.5	52.7801	7.94772	36
2.7	56.9789	2.17718	1378
1.4	52.4964	8.54674	170
4.8	60.7592	2.06753	1320
1.5	57.5502	12.4004	1031
1.4	52.9616	9.12689	1103
2.1	64.6775	12.7072	1405
4.7	59.3396	0.290351	1373
2	62.3657	11.7434	1352
1	51.211	11.6712	1131
2	62.3874	11.9606	1352
2	58.9442	9.16097	26
2.1	60.2278	9.40304	1437
1.3	55.2318	12.7291	75
4.8	59.3119	-0	1402
2.1	64.6809	12.7158	1405
1.4	52.6731	8.73015	363
1.3	55.2307	12.7273	75
0.8	46.9408	8.54179	1074
1.7	56.4666	9.56453	2235
1.6	53.6021	7.75929	23
0.9	47.3244	7.70628	1213
0.5	44.9164	9.80047	134
0.9	49.7313	11.0007	2170
1.2	50.8693	8.90334	1790
3.7	58.9963	1.44106	982
3.7	59.0076	1.45712	982
1.6	54.7496	8.96808	1307
1.7	59.6245	12.2096	342
1.6	53.5597	7.85015	781
4.6	59.3317	0.51167	1301
2.4	56.4029	4.74325	796
2.5	59.2935	6.34813	227
1	48.1024	7.10571	5
4	59.0526	1.09375	1156
2.1	60.9444	9.46205	1285
3.9	61.8701	3.73466	1092
3.6	65.8706	5.98862	337
1.3	50.7863	8.23727	2019
4.6	59.4146	1.07995	1369
1.1	51.0101	10.0261	150
1.7	55.6371	8.87297	1709
1	49.8441	9.77301	1016
0.1	40.9943	9.94339	0
4.7	59.3827	0.511282	1301
3.7	58.5271	1.81961	1977
1.2	53.0025	10.9135	1190
0.7	46.7694	9.62506	1461
1.4	52.2269	8.28224	1316
1.3	55.25	12.7593	75
1.3	52.5191	9.51311	12
4.9	60.9552	2.1063	1178
3	61.5582	5.57201	1249
1.3	55.2146	12.7004	75
2.8	60.7396	5.95437	447
0.9	47.363	7.98113	49
4.8	59.3729	0.333057	1425
2.1	56.5203	6.70351	2112
4.8	60.813	2.60502	1320
1.9	56.9525	8.41168	685
1.1	52.4146	11.8737	40
1.6	57.6171	10.9072	1227
0.6	45.2807	8.13881	609
4.9	59.41	0.370913	1474
2	57.5027	8.49799	1412
1.1	51.7585	10.7512	1228
0.4	43.6758	8.74271	549
4.9	59.3303	0.121912	1373
3	57.5236	2.73193	1002
3.4	59.9919	3.99448	1134
2.1	54.8936	4.52254	831
0.3	43.1103	10.4735	445
3.2	57.9651	2.50874	954
3.7	61.1159	3.7048	2196
1.7	59.5021	12.1924	554
0.7	47.7221	12.0302	226
1.8	57.422	9.55404	1437
2.3	56.3128	5.46435	1985
1.4	55.0086	10.9722	2110
2.9	58.6103	3.82863	1948
1.5	57.7305	12.4713	887
4.2	59.1366	0.253279	1592
2.4	58.6376	6.54973	1873
1.6	58.8013	12.511	1422
1.1	52.1849	11.1749	387
0.3	42.8898	9.52498	1
1.4	51.6373	7.95144	931
2	56.1902	7.19857	292
1.4	51.9258	7.77188	231
4.7	59.5599	1.45306	1457
0.9	49.0037	10.0041	0
0.7	45.9933	7.6164	723
2.8	58.2017	4.68937	1311
2.9	58.607	3.82205	1948
2	56.7491	7.63136	300
2	57.8268	8.42636	1044
3	59.0312	4.20897	1497
0.2	42.0058	10.0185	35
1	50.4991	10.6999	2202
0.7	46.5496	9.08536	4
0.8	47.7392	9.63292	134
1.5	52.736	7.89865	36
1.8	55.1471	7.71375	63
1.3	53.5107	10.4933	510
2.9	58.6134	3.83484	1948
4.3	59.1366	0.147327	1796
4.4	59.8571	1.66035	1106
1	49.2716	9.07472	351
3.5	59.7415	3.34237	1370
1.7	53.9172	7.39389	231
1.3	55.2442	12.7498	75
0.9	48.1396	8.83285	2
3.1	59.466	3.71345	2201
1.7	54.9609	8.35236	167
2.1	58.3629	8.05313	870
3.9	59.3437	1.6833	1254
0.9	49.7306	10.9998	2170
3.7	58.9956	1.44005	982
1.8	56.0635	8.75235	627
2.3	56.652	5.5225	1078
2.6	57.7539	4.59098	1169
0.8	48.9624	12.4032	1493
0.3	42.9669	9.91606	197
4.7	60.4208	1.63529	1328
1	49.4783	9.42664	1461
3	61.8904	6.03401	1411
2.1	63.5948	12.0743	1428
2.2	55.6272	5.18734	948
5	61.142	2.0825	1178
2.7	57.2866	4.49135	980
0.9	49.4541	10.5563	516
1.6	55.5546	9.62012	2235
1	50.2359	10.3334	1286
1.4	54.5584	10.477	1521
0.7	46.0367	8.43111	49
4.8	59.6884	1.28503	1507
2.1	55.0086	4.94336	881
2.7	65.2095	8.88433	1726
4.6	60.2793	0.34776	1884
2.7	58.2176	4.63755	1538
4.8	60.5639	1.6349	1688
1.3	53.4661	10.5273	468
3.8	58.5675	1.71814	1799
3.7	59.0314	1.49119	982
0.6	45.5138	9.05794	1
1.8	57.5258	9.60216	1460
2.2	55.344	4.33519	1937
2.2	64.7924	11.9754	1544
4.8	59.7487	1.88791	1507
2.3	56.2033	5.26287	1015
1.3	51.4003	8.27362	7
2.8	58.1895	4.62846	1359
1.3	55.2577	12.7723	75
1.8	56.5266	8.79279	1689
1.9	61.1735	11.5779	1190
0.7	46.0451	8.44499	49
4.8	59.7259	1.65985	1507
1.9	54.672	6.63033	1026
1.7	58.7166	11.3424	1190
3.9	58.5675	-0	1560
0.7	47.4875	10.794	20
1.5	56.1176	11.0902	1496
2.2	64.8008	12.0598	1544
2.8	66.1996	9.90108	1555
2.3	65.9751	11.8272	1565
1.9	56.9382	8.31871	870
0.9	48.6379	9.55448	1461
2.1	64.6783	12.7093	1405
0.4	43.7452	9.10791	989
0.7	46.0551	8.46171	49
1.7	56.2661	9.35232	1130
2.3	66.0199	12.191	1580
4.8	59.4316	0.488848	1462
3.3	65.9632	7.13529	1045
3.7	59.0099	1.46052	982
4.6	59.3864	0.798108	1369
2.5	60.634	7.89651	929
0.7	47.1953	10.3189	35
4.1	59.0623	0.612996	1685
4.9	59.3119	0.0760249	1373
3.3	58.809	2.63828	1085
2.8	62.6061	7.50604	965
2.8	60.6485	5.74727	490
3.1	57.7953	2.72435	1002
4.9	59.4787	0.488434	1357
3.6	60.0746	3.53702	1098
2.2	57.2149	6.56648	2169
0.7	46.0232	8.40858	49
4	62.2835	4.13373	1454
5	59.4514	0.414402	1481
0.9	47.3397	7.952	49
4	58.5675	-0	1577
4.9	59.9323	1.83674	1566
2.5	59.2841	6.33761	227
2	62.3452	11.5912	1340
3	57.5197	2.69222	1002
0.8	48.7884	11.0955	832
2.3	58.3072	6.72156	1438
3.7	60.042	3.34415	1404
0.5	44.6243	9.16047	1108
1.8	54.0221	6.86118	930
1	51.1061	11.4981	232
1.9	55.2396	7.04617	1306
4.1	62.717	4.33487	1606
1.6	53.6116	7.77277	23
1.4	55.9088	12.0365	249
0.5	44.5065	8.54495	599
4.6	59.3779	0.712722	1369
4.2	63.1565	3.18076	2073
2.1	54.9913	4.85413	1282
2.2	59.1559	7.92986	1532
2	59.234	9.71517	1040
1.1	49.9125	8.55185	7
2.9	61.1188	5.53842	490
1.7	59.8959	12.6566	479
2	55.8962	6.78051	2112
1	48.894	8.67178	2
3.1	57.8254	2.93331	1022
4.5	60.0593	1.69649	1106
4.9	60.7332	1.64208	1688
2.7	58.204	4.50107	1538
0.9	48.8195	9.71481	143
1.1	50.4204	9.42608	1461
1.7	58.9627	11.6688	1403
1.9	54.0936	5.45664	178
4.4	59.8528	1.65556	1106
2.6	56.839	4.45238	873
3	61.6155	5.46467	507
1.2	53.8364	11.9186	863
5	59.3119	-0	1597
1.6	52.552	7.28751	1509
1	50.2273	10.3163	1286
2.1	60.948	10.4425	21
2.8	58.69	4.72366	1557
1.1	51.0229	10.0437	499
0.4	43.7062	9.09384	49
0.8	48.9313	11.3082	445
3.2	59.8956	3.60401	1537
3.4	58.2406	1.7444	1037
0.5	44.5298	8.87932	49
1.4	56.5373	12.7961	1570
2.8	56.8483	2.28479	1892
0.6	45.9684	9.94731	0
3.1	65.435	7.97137	2174
0.2	42.0783	10.5427	438
3.5	60.3917	4.07239	932
2.9	56.969	2.0051	1144
2.9	58.1278	4.32846	994
0.9	50.2025	12.4008	1539
3.8	58.7554	1.44015	1128
1.3	52.8988	9.88674	1154
2.1	63.4984	11.5325	1612
0.9	50.2421	12.7972	1539
4.7	59.5129	1.0316	1369
1.5	55.0934	10.099	107
1.9	59.0031	9.98798	2188
0.9	49.5376	10.6629	1228
2.4	59.9166	7.98673	929
4.7	59.4464	0.685411	1625
2.3	56.2292	5.34408	604
1.6	54.2773	8.69289	627
5	59.3478	0.0272169	1425
1	51.544	13.0186	1670
1.1	50.8162	9.72126	1460
4.8	60.7774	2.24945	1320
0.8	48.5636	10.8879	2170
1.2	53.6786	11.8263	600
3.9	58.9397	1.05789	982
4.3	63.5495	3.26402	2073
1	49.9369	9.93688	0
4.1	59.4195	1.69171	1037
1.5	53.8887	8.98313	777
2.9	61.0313	5.52177	945
2.9	63.3578	7.51657	1599
2.5	60.1632	7.24379	2220
2.4	56.8613	5.46769	1985
2.8	60.7685	6.06497	263
2.2	55.3512	4.57667	1488
1.1	52.8582	13.1427	1680
5	59.5402	0.517105	1301
2.7	56.9869	2.19054	1378
3.4	59.0779	2.6896	1598
2.1	63.5332	11.7977	1808
1.3	51.765	8.30206	92
2.4	58.6258	6.54122	2015
1	50.2259	10.3135	1286
4.9	61.0832	2.70186	1476
0.9	50.191	11.4693	445
1.8	57.505	9.5761	1460
2	54.9847	6.07941	1275
0.6	45.2959	8.63565	49
0.9	48.5387	9.43051	1461
4.8	59.7034	1.43554	1507
3.6	58.7501	2.3577	1069
3.3	60.2558	3.60182	1655
2.1	60.9575	10.4532	21
1.4	56.3216	12.2182	920
2.9	59.1587	4.26058	1984
1.7	56.3047	9.39522	1130
3.8	60.3853	2.97114	1994
4.9	59.85	1.35849	1369
0.4	43.9602	9.93366	1540
4.4	59.1366	0.380392	1189
0.2	41.9444	9.66321	49
2.4	56.595	4.97506	1116
1.6	58.9626	12.5297	1735
3.8	60.3802	2.96271	1994
4.5	60.0178	1.65502	1106
1.8	57.2136	9.3335	1919
2.3	55.783	4.38993	1564
1.4	55.9138	12.0465	249
2	55.0388	6.35173	952
1.8	59.9995	11.5548	1190
0.7	46.876	9.79835	299
2.9	61.0365	5.53051	945
0.4	43.9399	9.85554	1027
3.7	60.0168	3.09144	1404
1	51.4448	11.588	445
1.5	53.0629	8.13814	481
1.1	49.5074	8.27207	1503
2.1	60.2322	9.38267	596
0.9	48.6189	9.53068	1461
3.7	60.4179	3.36976	1230
0.9	49.384	10.4468	1342
3	58.0036	3.26477	934
3.7	60.4275	3.52899	1603
2	59.0742	9.17548	1681
4.8	60.5874	1.9098	1178
1.4	52.9495	9.06207	812
1	48.0981	7.09862	5
3.8	60.3377	3.20958	1734
2.9	63.4882	7.59076	834
2.8	58.6479	4.43898	1638
0.7	46.9591	9.94151	0
0.4	43.7792	9.31582	1077
4.4	64.0009	4.57395	1308
2.8	57.1631	3.32395	956
0.9	50.2169	12.5537	52
4.1	58.5675	-0	1609
1.5	53.0586	8.13281	481
2.9	61.0327	5.52417	945
1.7	53.8329	7.30024	231
2.3	58.3042	6.71723	1438
0.3	43.1186	10.5811	30
2.6	56.6261	3.72755	877
1.5	52.5732	7.58635	231
1.6	54.7869	8.92791	975
3	59.6144	4.55729	1715
1.2	54.1772	13.1896	1696
1	50.3487	10.383	35
2.9	56.9916	2.0503	1144
1.4	52.9565	9.07666	1103
2.6	61.4199	7.85897	1594
1.5	56.2137	11.2384	1105
2.9	57.0023	2.07157	1144
2	54.7022	5.52717	679
0.9	49.7321	11.0018	2170
2.4	62.2535	8.78477	78
3.2	66.2805	7.98819	546
2.9	58.6494	3.90684	1948
2.1	59.6415	9.08405	53
1	50.4716	10.5083	966
1.6	56.9871	10.3695	1097
1	50.3462	10.3802	35
4.7	59.473	0.866504	1593
2.6	57.7496	4.58567	1169
4.7	60.5131	1.88249	1319
0.7	46.1614	8.65489	1708
2.6	60.78	6.81489	813
2	54.6381	5.44498	1642
1.1	52.2862	11.7358	2071
2	57.7742	8.36096	1583
0.7	46.4177	9.05259	1889
0.5	44.6043	9.02159	1118
0.3	42.9487	9.81821	425
0.7	47.6741	11.0976	445
4.5	64.4756	4.14669	1160
1.1	52.2564	11.6762	2071
3.7	59.0482	1.51515	982
3.2	58.7472	3.72737	1123
5	61.3461	2.6297	1704
3	57.193	2.01401	1768
1.9	54.7015	6.83875	1277
0.3	43.1737	10.9544	1662
0.9	47.3362	7.94766	49
3.1	60.0635	4.49102	1765
4.6	64.8965	4.20869	1794
3.7	58.986	1.42629	982
3.2	59.3487	4.08018	1358
2	57.7938	8.41237	1477
1.8	59.9939	11.5468	1190
4.9	59.8044	1.15971	1553
1.2	54.1833	13.2507	1696
2.9	56.9989	2.06482	1144
1.6	54.1573	8.88433	1785
3.3	58.2138	2.50516	954
2.6	57.7624	4.60169	1169
2.2	65.8745	12.2288	996
1	49.592	9.55086	134
1.2	53.425	11.3914	950
2.7	62.2032	7.83259	1770
3.2	59.1922	3.12024	1948
1.1	52.2578	11.679	2071
2	54.5885	5.10018	1165
2.4	58.9708	6.67869	802
2	55.9478	6.86652	2112
4.2	58.5675	-0	1756
4.9	60.7693	1.81969	1745
0.6	45.2843	8.17517	609
1.3	53.4622	10.5194	468
2.3	56.1463	5.51281	872
1.5	52.7474	7.91133	36
1.8	61.2695	12.8864	741
2.1	58.6328	8.38981	1807
3.4	58.4723	2.11127	1905
2.9	57.4975	3.34396	1754
3.1	62.496	5.35329	1611
0.5	44.7085	9.30592	1889
3.7	58.9919	1.43476	982
3.7	60.4341	3.59496	1603
2.2	60.4451	8.7175	27
1.1	52.105	11.1935	2170
1.3	55.528	12.7882	391
1.9	58.486	9.60181	1563
3.6	60.069	3.36117	1191
5	59.3438	0.0140017	1425
0.9	50.0615	11.3017	1654
1.2	52.0055	10.0139	193
2.7	57.2373	4.22548	959
0.3	42.8823	9.52335	1213
2.5	57.0978	5.02807	1722
1.5	56.1098	11.0127	1496
4.5	64.4587	4.12979	1160
0.8	48.0448	10.056	0
3.2	59.2134	3.14681	1948
4.9	59.3119	0.0760249	1373
0.5	44.6016	8.99387	1118
3.8	58.6225	1.78688	1799
4.7	65.327	4.30584	1804
5	61.3656	2.8239	1704
4.8	65.7488	4.21753	1856
0.5	45.262	10.6082	87
1.5	57.8225	13.2292	647
4.9	59.8921	1.66196	1574
2.8	56.8858	1.73315	1378
1.4	55.083	11.1441	1361
1.9	54.695	6.78757	1393
2.6	57.6013	5.03418	1848
0.3	42.9511	9.83323	588
0.7	46.2334	8.46445	1077
1.9	54.6802	6.71264	1026
2	55.8107	6.78673	538
2.4	59.5397	6.10874	469
4.8	59.3119	-0	1402
2.2	61.1685	9.37937	596
1.5	52.7429	7.90633	36
0.9	49.7554	10.9317	387
3.5	58.736	2.18641	1905
0.8	47.0241	8.48683	1222
0.9	49.5474	10.6751	1228
0.7	46.0855	8.51243	49
2	56.1975	7.2067	292
2.9	61.3199	6.64911	2024
2.8	60.9738	5.97933	1057
3.1	58.3647	3.41726	983
2.3	57.7319	6.39202	2169
3.7	59.9663	2.58712	1404
1.6	57.6248	10.9842	1227
1.8	56.077	8.68612	974
1.9	59.0162	10.0141	2188
0.3	43.0598	10.2583	276
0.1	40.9861	9.86113	0
3.8	60.332	3.15219	1734
4.8	59.5575	0.844796	1782
2.3	55.7059	4.03069	1642
0.8	46.9117	8.49702	822
1	49.4634	9.4101	1461
0.7	46.1012	7.96339	1413
1.3	55.5065	12.7613	391
1.8	59.8352	11.1857	1576
0.7	47.0879	10.0726	1323
1.2	50.8669	8.17863	267
1.5	57.2961	12.2043	902
2.7	61.4509	6.70888	1786
1.3	55.1137	12.4118	41
0.6	45.3415	8.72691	49
0.6	45.8373	9.68595	1461
2.8	57.2055	2.18671	1698
3.7	59.0422	1.50655	982
0.8	48.9361	11.3151	445
0.8	46.6794	7.91565	1213
4	58.5691	0.0159524	1577
2.4	64.6471	9.57493	1780
1.9	61.1565	11.5696	1730
2.3	56.6519	5.52239	1078
4.1	58.5675	-0	1609
0.8	46.9101	8.4814	822
0.8	47.3253	9.05912	412
3	61.6372	5.49188	507
3.8	60.198	2.74569	1237
2.7	60.2665	6.22353	252
1.4	53.4802	9.48866	484
1.1	52.4224	11.8867	40
1.2	50.3074	8.22188	164
2.5	58.9892	6.21035	279
0.7	47.0951	10.1452	1323
3.8	60.7775	3.49991	1743
2.3	66.0029	12.0209	1580
5	60.0551	1.49711	1369
5	59.9914	1.41429	1718
3.8	59.1263	1.2176	1018
3.6	59.6993	2.82618	1742
0.8	47.3916	8.9524	4
4.9	59.6531	0.955764	1891
4.5	59.1689	0.322926	1720
3.8	60.813	3.69208	1603
5	61.3533	2.70085	1704
2.8	62.2712	6.78952	336
4.3	58.5675	0.173321	1372
1.9	54.0434	5.38489	178
2.8	62.1137	6.57622	2141
3.2	60.5125	4.49002	1803
3.3	59.6508	3.60878	1449
4.9	59.9451	1.96459	1566
1.1	50.2378	9.03643	363
2.4	57.2083	5.56284	1537
3	58.5748	4.46898	889
4.4	58.5807	0.131577	1936
1	49.7892	9.74793	1251
0.5	44.5489	8.92711	49
2.4	56.696	5.04629	815
1.9	60.9423	11.3374	1199
3	61.5672	5.49859	945
1.3	55.5264	12.7861	391
2.2	59.1677	8.04782	1532
0.5	44.7623	9.35239	2
2.7	60.262	6.21853	252
1.5	53.8581	8.94914	777
2.1	58.3571	8.04674	870
5	60.1148	1.82492	1610
0.8	46.9368	8.51311	1878
0.9	49.7659	10.9448	387
0.8	46.8643	8.23751	1184
1.1	49.7626	8.55897	4
0.4	44.2791	11.0539	1801
1.4	52.2325	8.32273	1568
5	59.7344	0.813062	1931
3	58.9971	3.83734	1522
1.8	57.706	9.79326	46
3.9	61.1967	3.74035	1603
1	51.0474	11.5727	2071
2	62.3121	11.5561	1911
4	58.5772	0.096645	1577
1.5	53.0546	8.12774	481
1.7	56.7752	9.79889	476
2.1	54.8804	4.39049	831
3.9	60.6446	1.47334	1530
1.2	52.4689	10.532	1396
3.1	57.7278	2.54268	954
2.9	57.0715	2.23155	1659
3.1	58.9263	4.05961	1186
3.8	58.7067	1.8169	1977
3.1	58.2949	3.08925	934
1.2	53.4286	11.7936	249
1.3	55.5148	12.7716	391
0.6	45.6935	9.27428	628
2.2	56.1763	5.71722	653
1.8	53.5806	5.29626	624
1	50.85	11.1071	2205
2	55.8106	6.78655	538
0.9	47.3346	7.72088	1213
2.1	56.548	6.60309	1506
2.7	57.2788	4.41386	980
1.4	56.4836	12.437	40
1.7	54.3548	7.73684	1930
4.5	58.5807	-0	1945
3.2	58.6026	3.0767	1980
2.3	59.0718	7.92095	929
1.4	56.7836	12.7712	1896
1.9	54.6758	6.66841	1026
2.2	64.6264	11.2792	1669
2.2	65.8555	12.7109	349
3.1	57.8011	2.77444	1486
0.9	48.2854	8.9376	1930
0.9	47.6744	7.37135	13
0.7	47.2176	10.3944	1888
0.9	47.3259	7.70853	1213
5	59.7544	1.0131	1931
1	50.6015	10.6602	1228
4.9	60.7136	1.61769	1688
1.3	55.5375	12.8	391
0.2	41.968	9.83171	1
5	59.527	0.498387	1301
1.1	51.4019	10.3979	35
4.6	58.5807	-0	1993
1.5	53.0543	8.12733	481
4	60.7857	1.41072	1974
1.5	52.7387	7.90172	36
2	60.0334	10.0452	1197
4	60.8325	1.87906	1974
4.5	64.5049	4.17596	1160
0.9	47.4914	7.99788	1416
2.9	57.3906	2.90226	949
3.8	60.7422	3.34437	1230
0.9	50.2111	12.4873	1539
1	50.2241	10.3098	1286
2	55.3357	6.63705	1575
4.5	64.504	4.17513	1160
1.7	53.3402	6.90239	817
5	60.9562	1.86847	1825
2.4	56.6936	5.04328	815
1.6	59.1488	13.2627	1860
4.7	59.5241	1.09566	1457
0.9	47.3684	7.98791	49
3.1	62.1158	5.48594	1950
1.4	51.686	7.71534	1562
1.9	61.8666	12.1021	1502
2.1	55.6851	6.46291	1729
1	48.1675	7.99069	2031
4.1	59.1636	0.443984	1805
1.5	52.6171	7.6491	231
0.8	46.6942	7.9404	1213
4.9	61.0718	2.58813	1476
2.2	64.6439	11.6249	1911
4.2	63.1483	3.17057	2073
2.4	58.6259	6.54132	2015
1.7	56.2766	9.36399	1130
1.4	51.8256	7.77623	44
1.6	57.2238	11.0622	1579
1.3	51.6868	8.75087	627
0.6	45.6381	9.29609	1835
3.4	59.074	2.69422	1126
1.9	58.6805	9.69712	919
1.1	50.4686	9.42307	177
2.6	61.0123	7.08427	411
0.5	45.3914	11.1233	1962
5	60.9053	1.62852	1328
3.5	58.6746	2.0987	1905
1.1	52.8489	13.0497	1680
0.7	47.5823	10.9651	695
3.9	61.1353	3.5784	1924
2.5	56.8132	4.46806	1043
1.5	51.8951	7.37731	1509
0.9	48.9529	9.94768	0
4.5	64.4992	4.17027	1160
0.5	44.5349	8.89218	49
1.9	60.9551	11.2646	681
3.9	60.6843	1.52287	1530
2	59.7404	9.77362	1668
4	60.8399	1.55609	2065
0.9	47.3422	7.95515	49
0.6	45.4272	8.73088	833
1.8	57.5024	9.5728	1460
0.6	46.4183	10.932	840
2.3	55.6989	4.26306	1186
3.4	60.6118	3.56024	1712
0.9	48.5318	9.42182	1461
0.3	43.1279	10.4966	1662
1.1	52.3902	11.6152	522
1.7	53.2877	7.31484	661
3.1	57.782	2.65893	1317
0.9	47.3304	7.7149	1213
2.1	60.9501	10.4449	21
2	62.0761	11.3374	1199
1.2	51.4129	9.44311	2051
1.3	54.6094	11.8074	1981
2.6	57.7725	4.61428	1169
2.4	55.8894	3.5743	826
1.7	58.7089	11.3854	1225
1.1	50.3935	9.28142	2242
0.7	46.0602	8.47022	49
3.6	59.6957	2.8203	1742
5	59.3469	0.0244331	1425
1	48.1397	7.16784	5
2.6	60.9205	6.8203	2141
3	61.6305	5.48343	507
2.9	58.6535	4.84908	2163
2.5	59.6344	6.59952	1992
4.1	61.0102	1.70316	2067
1.6	52.6577	7.40491	1509
5	59.3518	0.0406292	1425
3.7	58.5506	1.84891	1977
2.3	65.758	11.3159	1998
4.7	58.5807	-0	2012
3	58.5616	4.44245	889
2.5	57.4081	5.22243	837
3	59.0818	4.71267	1727
1.7	53.357	6.98038	815
1.6	53.5405	7.91961	998
2.7	60.2658	6.22275	252
0.6	45.4401	8.9124	1947
4.4	63.88	3.30516	1686
1	50.6197	10.6804	1228
5	60.0615	1.50988	1369
1.4	51.8279	7.77914	44
3	57.1978	2.0619	1768
0.9	47.3714	7.99171	49
2.2	55.86	5.58872	991
3	61.6095	5.45726	507
3.2	58.0661	2.15144	1905
4.8	60.7905	2.38053	1320
1.7	60.4908	13.4206	2029
1.1	52.2042	11.1942	387
1.3	52.3581	9.30448	746
3.9	60.671	2.95486	1994
1.7	58.8801	11.4096	963
1.1	49.7215	8.50761	4
1.7	60.479	12.8468	2146
2.6	65.7502	9.33736	785
1.4	52.6673	8.72376	363
3.8	60.2199	1.67739	1852
0.4	44.3152	10.9706	438
0.5	44.9538	9.87618	1251
0.8	48.3759	10.5265	1228
2.2	55.1626	3.94988	686
0.8	48.0892	10.0129	1898
4.8	58.5807	-0	2101
3.3	59.7598	2.839	2084
1.9	60.9509	11.2599	681
4.5	60.0086	1.64585	1106
4	60.9685	2.95736	1994
0.2	42.0548	10.3084	438
4.8	58.5807	-0	2101
2.1	57.5103	7.41237	1736
1.4	52.4858	8.1197	92
1.7	58.7116	11.3884	1225
2.3	65.8028	11.5883	2041
1.9	55.9403	7.51229	62
1	51.4862	11.6341	445
1.3	53.9301	10.9811	1674
1.5	52.1623	7.9904	630
1.1	51.2549	10.3079	2023
0.9	49.5282	10.651	1228
3.4	60.0526	2.92778	2135
1.3	55.5503	12.8161	391
3	58.989	3.8196	1511
5	60.1463	2.01166	1941
3.8	60.2181	1.67441	1852
2	59.6468	9.68927	874
1.4	52.4889	8.8109	2108
3.8	60.3799	1.9228	1777
2.4	59.5199	6.05905	353
1.6	52.9642	8.01822	2148
0.9	47.3392	7.95145	49
1.4	52.6683	8.72488	363
2.4	56.2289	4.45952	1727
0.3	42.9843	9.93402	1251
0.9	48.7073	9.63884	134
0.9	48.3769	9.12752	552
2.7	58.1119	4.4787	1169
4.8	60.3877	-0	1362
1.5	52.6183	7.65089	231
0.2	42.0308	10.2073	387
2.9	61.2719	5.89634	728
1.6	52.6246	7.3681	1509
2.7	57.2839	4.44875	1644
2.4	59.8551	7.90986	929
2	63.4643	12.5924	1623
1.7	54.1876	7.64222	113
1.4	56.8364	12.8605	2152
1.4	51.8268	7.77776	44
2	62.0815	11.3922	1949
1.8	61.8764	13.8554	2119
1.5	56.016	10.8846	1382
2.9	57.0359	1.5016	1862
1.3	53.0075	10.015	193
4.4	58.5937	0.261238	1936
2.7	60.55	6.21393	420
0.7	47.4408	10.7178	387
1.3	53.4633	10.5216	468
1.4	54.0091	10.0152	193
0.5	44.5259	8.86965	49
3.4	60.0076	3.81585	1008
0.9	47.3195	7.69928	1213
2	63.9434	12.847	533
1.4	54.0448	10.0645	150
2	59.9218	10.4651	21
1.1	48.8148	7.12371	1451
3.4	60.0045	3.80962	1008
2.8	60.955	6.10794	278
3.8	60.2253	1.68643	1852
1.7	53.7663	7.2472	646
4.1	59.1744	0.456185	1836
2.2	56.1239	5.65897	653
0.6	46.2191	10.4235	1228
3	64.4891	7.67303	1770
2.4	56.4065	4.71138	1014
0.8	48.6286	10.8822	20
1.1	49.6292	8.52516	2
0.7	46.0347	8.42776	49
1.1	50.2332	9.02878	363
4.9	58.5807	-0	2134
2.8	57.5249	4.00878	984
4	59.1326	1.74137	1137
3	58.558	4.43533	889
2.3	59.9352	7.86153	1532
1.9	54.7123	6.9014	1618
0.5	44.5009	8.48901	599
1.5	52.1946	7.21483	892
1	48.1379	7.16487	5
3	57.1542	1.18287	2182
1.1	51.5667	10.6766	1516
1.9	55.8169	7.55751	1086
2	60.0305	10.0356	2188
1.8	60.8143	12.1969	1405
1	49.1785	8.93077	2001
1.8	61.8385	13.4766	2119
0.5	45.4046	10.894	2129
0.9	50.196	11.4755	445
4.1	59.4205	2.40995	1198
2.2	61.1927	9.39674	1549
1.6	53.8615	7.89797	1630
0.7	46.8864	9.81277	143
4.5	58.5979	0.171954	1945
1.4	51.618	8.26427	697
1.1	52.2531	11.242	20
0.8	47.3225	9.04806	1790
0.8	47.8585	9.76733	143
4.8	60.7062	1.93066	1784
0.9	48.5333	9.42365	1461
0.8	48.0484	10.0605	0
1.6	56.9987	10.5407	293
2.4	56.3735	4.7024	1265
1.9	58.3776	9.54266	1946
0.9	48.5372	9.4286	1461
2.2	56.3418	5.82498	1078
1.3	55.5147	12.7716	391
2.5	56.8765	4.73678	1449
2.5	59.6363	6.60182	1992
5	60.0585	1.50384	1369
1.4	52.661	8.71673	363
end_tree
moving_vehicle
-260	-5.625	1.5708
-250.99	-5.625	1.5708
-244.752	-5.625	1.5708
-240.971	-5.625	1.5708
-239.278	-5.625	1.5708
end_vehicle
moving_obstacle
obs_size	4
start
-200	1.875	-1.57
-210	1.88296	-1.57
-220	1.89093	-1.57
-230	1.89889	-1.57
-240	1.90685	-1.57
end
start
-255	-9.375	1.57
-235	-9.35907	1.57
-215	-9.34315	1.57
-195	-9.32722	1.57
-175	-9.31129	1.57
end
start
-255	-1.875	1.57
-235	-1.85907	1.57
-215	-1.84315	1.57
-195	-1.82722	1.57
-175	-1.81129	1.57
end
start
-230	-5.625	1.57
-230	-5.625	1.57
-230	-5.625	1.57
-230	-5.625	1.57
-230	-5.625	1.57
end
end_obstacle
obstacle	0	obs3	-200	1.875	-1.57	10
obstacle	0	obs2	-255	-9.375	1.57	20
obstacle	0	obs2	-255	-1.875	1.57	20
obstacle	0	obs2	-230	-5.625	1.57	0
vehicle_state	0	-260	-5.625	1.57	10
