final_path
0	270.212	15	-30	-1.87502	1.5707
0.1	271.708	14.9559	-28.5044	-1.87482	1.57064
0.2	273.201	14.9039	-27.0114	-1.87461	1.5707
0.3	274.689	14.8519	-25.5236	-1.87459	1.57088
0.4	276.171	14.8	-24.041	-1.87493	1.57118
0.5	277.649	14.748	-22.5636	-1.87569	1.57138
0.6	279.121	14.696	-21.0915	-1.87644	1.57115
0.7	280.494	14.644	-19.718	-1.87656	1.57055
0.8	281.948	14.426	-18.2645	-1.87549	1.5695
0.9	283.38	14.2079	-16.8328	-1.87284	1.56861
1	284.79	13.9899	-15.4228	-1.87	1.56919
1.1	286.178	13.7718	-14.0347	-1.86901	1.57121
1.2	287.544	13.5538	-12.6685	-1.87174	1.57461
1.3	288.496	13.3358	-11.7166	-1.87654	1.57465
1.4	289.824	13.224	-10.3886	-1.84186	1.5056
1.5	291.141	13.1122	-9.07953	-1.69425	1.40772
1.6	292.396	13.0004	-7.85188	-1.42849	1.30828
1.7	293.696	13.0015	-6.61359	-1.02883	1.20929
1.8	294.992	12.9623	-5.42446	-0.51106	1.11086
1.9	296.286	12.9135	-4.29417	0.120061	1.01231
2	297.565	12.8647	-3.24296	0.850362	0.914884
2.1	298.85	12.8222	-2.26407	1.68308	0.816866
2.2	300.13	12.7796	-1.37442	2.60457	0.718839
2.3	301.406	12.7371	-0.581442	3.6051	0.621557
2.4	302.643	12.6945	0.0914599	4.6447	0.527373
2.5	303.91	12.6433	0.675821	5.7696	0.430848
2.6	305.172	12.592	1.14763	6.94069	0.335187
2.7	306.405	12.5407	1.49853	8.1244	0.24065
2.8	307.657	12.4824	1.73616	9.35341	0.140699
2.9	308.902	12.4242	1.8539	10.5938	0.0519544
3	310.141	12.3659	1.87597	11.8335	-0.00543709
3.1	311.375	12.3077	1.87089	13.0671	-0.00206305
3.2	312.53	12.2494	1.87022	14.2221	0.000674276
3.3	313.752	12.1919	1.87204	15.4442	0.00203552
3.4	314.969	12.1344	1.87454	16.6606	0.00182353
3.5	316.179	12.0769	1.87603	17.8712	0.000654989
3.6	317.384	12.0194	1.87629	19.076	-0.000144226
3.7	318.583	11.9619	1.87585	20.275	-0.000531695
3.8	319.776	11.9044	1.87518	21.4683	-0.000513254
3.9	320.964	11.8469	1.87475	22.6559	-0.000208701
4	322.146	11.7894	1.87465	23.8377	1.54092e-05
4.1	323.089	11.7319	1.87472	24.7809	0.000118239
4.2	324.259	11.6701	1.87489	25.951	0.000152008
4.3	325.423	11.6083	1.87503	27.1149	8.76913e-05
4.4	326.581	11.5465	1.87509	28.2727	1.75207e-05
4.5	327.732	11.4847	1.87508	29.4243	-2.52461e-05
4.6	328.878	11.423	1.87504	30.5696	-4.10427e-05
4.7	330.017	11.3612	1.875	31.7088	-3.03008e-05
4.8	331.15	11.2994	1.87498	32.8419	-9.75656e-06
4.9	332.277	11.2376	1.87498	33.9687	3.74124e-06
end_path
tree
0	270.212	15	-1
0.1	271.729	15.1607	0
0.2	273.254	15.2537	1
0.3	274.826	15.7224	2
0.3	274.743	14.8954	2
0.4	276.4	15.5757	1116
0.4	276.235	14.9145	4
0.5	277.683	14.9322	1401
0.5	277.948	15.5591	1487
0.6	279.094	14.1085	7
0.6	279.134	14.5134	7
0.6	279.499	15.5544	466
0.7	280.463	14.5055	690
0.7	281.072	15.5845	466
0.8	282.686	15.7447	1434
0.8	282.631	15.6536	1434
0.8	281.839	14.477	1293
0.9	284.3	16.1404	14
0.9	284.183	15.5803	1425
0.9	283.168	14.3285	1293
1	284.457	14.1117	1538
1	285.755	15.5966	1425
1	285.952	15.8912	1434
1	284.507	14.1743	1538
1.1	287.639	16	1434
1.1	285.853	14.1476	1293
1.2	287.174	13.9773	458
1.1	285.845	14.1394	1293
1.1	287.59	15.9455	1434
1.2	289.187	16.1468	11
0.7	280.595	14.8218	392
1.3	288.496	13.3358	60
0.8	282.084	14.8956	30
0.9	283.562	14.7768	32
1.2	289.323	16.835	24
1.1	287.318	15.6001	1425
1.1	287.336	15.6178	1425
1.2	287.227	13.9841	1154
0.3	274.79	15.3644	2
1.4	289.835	13.2082	8
0.2	273.242	15.1377	1
1.2	288.942	16.058	36
0.7	280.52	14.6869	462
1.5	291.134	12.988	39
0.9	283.573	14.8874	32
1.3	288.63	14.0213	37
1	285.091	15.1779	44
1.4	290.064	14.401	807
1.2	289.229	16.3879	194
1.3	288.594	13.6637	37
1	285.031	14.7536	778
1.5	291.167	13.3221	39
1.1	286.629	14.9098	1443
1.4	289.961	13.8975	467
1.2	288.884	15.7731	1458
0.6	279.482	15.5209	466
1.1	286.505	14.7395	50
1.3	290.434	15.6386	1088
1.2	288.914	15.816	1458
1.3	290.445	15.6718	592
0.7	280.494	14.644	462
0.7	281.001	15.1917	55
1.2	288.123	14.9402	52
1.2	287.972	14.6707	56
1.6	292.396	13.0004	31
1.7	293.687	12.9115	64
1.8	294.995	13.0824	65
1.3	289.612	14.8915	774
1.8	294.97	12.8328	65
1.3	289.412	14.4023	63
1.3	289.445	14.7332	63
0.8	282.063	14.6777	30
1.2	289.339	16.1792	1635
0.7	281.024	15.5707	1434
1.1	287.326	15.6075	1425
1.2	289.329	16.1689	1635
1.3	289.431	14.5896	63
1.9	296.232	12.6198	68
1.9	296.265	12.9484	68
0.8	281.833	14.468	1293
1.1	286.622	14.902	1443
0.3	274.761	15.1885	40
2	297.565	12.8647	416
2	297.506	12.6783	68
1.1	285.735	13.0618	119
2.1	298.787	12.8051	83
1.1	286.613	14.8917	1443
1.2	286.99	13.5293	1421
2.2	300.06	12.6976	909
2.3	301.34	12.8004	88
1	284.484	14.1446	1538
0.5	277.981	15.7397	301
1.2	289.336	16.1764	1635
0.9	284.315	15.8221	1434
1.3	290.451	15.6912	592
1.2	289.346	16.1877	1635
2.4	302.61	12.6962	416
1.4	290.845	14.4673	56
0.4	276.391	15.5488	1116
2.5	303.882	12.6815	220
1.4	290.03	13.993	1154
0.3	274.78	15.2653	2
1.4	290.04	14.0103	1154
1.4	290.832	14.4245	56
1.2	289.333	16.1723	1635
0.8	282.528	15.4423	1425
2.6	305.157	12.7478	99
2.7	306.456	12.7115	566
1.1	285.751	12.9365	20
1.3	289.62	14.9041	774
0.8	282.517	15.4262	1425
2	297.464	12.3188	77
0.5	277.741	15.069	406
2.7	306.405	12.5407	498
2.8	307.613	12.0711	113
0.8	282.568	15.4999	1425
2.7	306.434	12.7593	99
1.3	288.58	13.9438	467
0.4	276.407	15.6005	1116
0.8	281.817	13.5361	12
2.5	303.878	12.6724	220
0.5	277.732	15.0386	0
1.1	285.758	13.0035	20
0.8	282.649	15.6833	1434
2.9	308.798	12.361	1513
2.9	308.836	12.4218	1594
1.4	290.82	14.7265	1477
2.2	300.075	12.8789	85
1.1	286.626	14.9056	1443
0.8	281.901	14.4745	690
3	309.991	11.9301	124
1.3	288.49	13.3254	60
2.1	298.679	12.1436	111
3.1	311.187	12.242	1513
0.9	283.202	14.3711	1293
3.2	312.34	12.1531	1513
1.9	296.257	12.8689	68
1.4	290.027	13.9882	1154
0.9	284.012	15.4112	1566
3.3	313.519	11.7897	135
0.9	283.539	14.7639	71
1.4	290.023	13.9819	1154
3.4	314.741	11.8615	151
3.5	315.945	12.0446	142
1.1	286.617	14.8963	1443
1.3	288.197	13.3336	1197
0.5	277.73	15.0343	0
0.8	282.643	15.6733	1434
3.6	317.159	11.9613	1009
1.4	290.036	14.0043	1154
1.1	286.621	14.9	1443
3.1	311.182	12.2352	1513
3.7	318.396	12.378	148
1.4	289.93	13.9336	458
0.9	284.214	15.7059	147
0.7	280.512	14.6733	462
3.7	318.36	11.7768	299
0.3	274.755	15.1825	1425
1.4	289.82	13.1913	8
2.1	298.708	12.5524	65
1.2	289.234	16.4045	194
1.3	288.218	13.3637	1197
0.4	276.212	14.9999	0
0.1	271.694	14.8153	0
3.3	313.482	12.0716	1513
3.8	319.542	11.8172	156
1.4	289.933	13.937	458
3.4	314.606	11.2391	164
3	310.069	12.7596	1472
0.2	273.18	14.8605	163
0.6	279.249	15.0711	406
2.1	298.695	12.3094	111
0.9	283.313	14.1154	129
1.4	290.031	13.996	1154
3.4	314.624	11.419	164
3.5	315.718	11.1242	167
0.9	284.109	15.406	115
1	285.057	14.7866	778
0.1	271.694	14.8181	0
1.3	289.616	14.8977	774
3.8	319.561	12.0148	156
3.6	316.802	10.8383	175
3.9	320.713	11.7649	156
3.7	317.847	10.4525	181
0.8	281.891	14.4497	690
1.4	289.463	13.25	1197
3.6	316.835	11.1716	175
3.9	320.777	11.7807	786
4	322.007	12.3064	187
3.8	318.894	10.8252	164
4	321.845	11.3164	182
4	321.909	11.7242	786
3.9	319.965	10.7071	189
4.1	322.999	11.7973	142
0.9	284.312	15.8192	1434
3.5	315.919	11.7856	142
4.1	322.965	11.1116	488
1.1	286.544	14.796	778
0.7	280.582	14.8108	1151
1	285.648	15.61	1458
4.2	324.131	11.6009	786
4.3	325.284	11.6371	501
3.8	318.9	10.8366	164
4.1	322.957	11.1013	488
4.1	323.24	12.3264	188
0.6	279.253	15.079	406
3.4	314.695	11.7566	139
2.1	298.876	13.1095	82
4.4	326.437	11.5334	201
4.2	324.471	12.1506	713
4.5	327.6	11.3616	854
0.2	273.172	14.7321	904
4.6	328.775	11.3854	1038
4.5	327.58	11.3409	897
1.5	291.155	13.1999	39
1.2	289.362	16.2048	1635
1.1	286.62	14.8991	1443
4.3	325.296	11.6495	501
4.7	329.925	11.4047	1038
1.2	287.05	13.1505	84
2	297.542	12.8421	136
3.8	318.875	10.2814	183
4.2	324.193	11.6626	786
3.7	317.956	11.2029	186
1.4	289.931	13.5097	117
3.1	311.308	12.3776	498
3.9	319.89	10.149	221
0.9	284.302	15.8048	1434
4.1	322.953	11.0945	488
2.9	308.828	12.4062	1594
1	285.548	15.4047	1566
4	320.888	10.5806	164
0.8	281.929	14.6018	462
4	320.869	9.78942	226
0.2	273.249	15.2052	1
4.6	328.689	11.3016	854
1.4	289.496	12.7813	161
1.1	286.539	14.8204	177
4.1	321.923	10.3498	231
4.8	331.073	11.4857	218
4.2	322.949	10.3298	175
3	310.097	12.4224	498
4.1	321.844	10.4529	164
4.3	325.402	11.5977	1038
1.4	289.473	13.2628	1197
4.1	321.854	10.4652	164
2.3	301.368	12.756	220
4.3	325.714	12.2195	713
4.3	323.95	10.0129	240
0.2	273.152	14.577	163
0.3	274.57	14.1865	249
1.1	286.622	14.902	1443
3	310.076	12.3886	498
1.1	287.065	15.4506	1306
0.7	281.065	15.651	1434
3.9	320.002	11.017	202
2.2	299.861	11.8221	132
3.5	315.757	11.3347	174
4.4	324.925	10.0388	1102
2.2	299.925	12.4754	65
0.4	276.34	15.4939	38
1.1	287.078	15.4281	1025
0.4	275.975	14.2685	178
3.8	319.075	11.058	257
0.9	283.215	14.3873	1293
1.2	287.049	12.9761	108
0.3	274.77	15.2135	234
2.2	299.96	12.5161	159
2.3	301.169	12.3973	68
2.2	299.97	12.4992	68
4.4	326.941	12.2297	713
4.5	328.163	12.2194	270
0.4	275.968	14.2456	178
0.7	280.502	14.6569	462
1.2	288.604	15.4436	1306
3.1	311.376	12.4976	120
4.7	329.961	11.8581	212
1.2	288.568	15.3986	1306
4.6	329.39	12.2738	271
4.9	332.226	11.3053	553
1	284.732	14.4706	462
1.1	285.739	12.8168	20
1.3	290.154	15.4499	1306
4.7	330.595	12.2476	209
0.6	279.238	15.0421	0
2.3	301.04	13.0474	1499
0.4	276	14.3004	250
3.6	316.886	12.398	1159
4.8	331.15	11.5875	444
1.1	285.791	14.0252	1538
4.5	325.911	10.0162	1102
4.1	322.974	11.1248	488
2.2	299.886	12.6644	1029
0.4	276.444	15.8768	312
0.2	273.181	14.8716	178
2.9	308.813	12.3756	1594
2.4	302.182	11.422	285
4.6	326.865	9.96301	1102
3.2	312.626	12.5015	275
3.1	311.294	12.3581	498
0.5	278.059	15.825	1
0.2	273.259	15.3057	1
1.3	290.092	15.2413	277
3.5	315.767	11.4289	174
1.3	288.23	13.382	1197
0.4	275.97	14.2519	178
2.5	303.28	12.6246	1598
0.9	283.217	13.7778	16
1.3	288.362	13.12	219
4.8	331.832	12.2907	165
4.4	324.95	10.0753	1102
0.5	277.402	14.0484	1215
0.2	273.268	15.3982	1
4.1	321.808	9.77625	221
3.1	311.377	12.4986	120
4.5	325.979	9.987	349
4.9	332.325	11.6118	182
0.8	282.514	15.4224	1425
5	333.491	11.6625	316
0.3	274.678	14.8479	462
4.7	329.811	11.2934	854
1	284.597	14.3242	1293
2.5	303.346	11.6399	296
2.6	304.348	10.68	306
4.6	326.997	8.5876	190
4.9	333.073	12.401	309
2.3	301.05	13.0638	1499
4.7	327.857	8.5972	324
2.6	304.514	12.0301	65
4.6	327.027	8.63768	190
4.7	327.804	9.39587	297
0.5	277.714	15.002	0
4.5	325.976	9.9832	349
0.7	280.508	14.6658	462
4.8	328.737	8.80157	327
3.8	319.627	11.9377	252
0.7	280.587	14.729	380
4.8	328.756	9.67892	240
1.2	288.556	15.3837	1306
4.9	329.731	9.43566	1427
3.9	319.976	10.6453	175
0.6	279.494	15.7726	260
4.2	324.138	11.6074	786
4.8	328.702	8.45327	327
1.7	293.696	13.0015	64
0.3	274.645	14.7229	211
4.8	328.734	9.52745	507
4.8	328.724	9.50829	507
4.9	329.507	8.04863	343
3.9	319.986	10.6707	175
1.3	290.142	15.4361	1306
4	321.108	12.8669	798
3.4	314.63	11.4817	164
4.9	329.635	8.98253	334
5	333.38	11.5378	279
1.4	289.472	13.2618	1197
4.1	322.19	10.8245	351
1.1	286.179	14.4711	462
1.2	287.625	14.46	357
0.9	283.302	14.0085	129
4.9	329.684	9.59492	347
1.7	293.701	13.0512	64
2.7	305.41	10.6198	323
3.2	312.381	12.2045	1513
2.2	299.924	12.4729	65
1.3	289.616	14.8981	774
2.5	303.882	12.6805	220
4.1	321.944	10.3762	175
3.2	312.516	12.2246	299
0.8	282.054	14.5891	30
4.8	330.918	11.0694	320
4.9	329.553	8.50422	343
4.9	331.981	11.2044	187
1.2	288.573	15.4043	1306
4.6	327.007	8.60332	190
4.9	331.977	11.2008	187
4.9	332.003	11.2264	187
5	330.529	8.94163	353
3.2	312.386	11.9878	133
1.1	286.611	14.8891	1443
0.4	276.168	14.9083	319
4.4	327.004	12.7371	191
5	330.264	7.57044	348
1.2	288.096	14.8564	379
1.2	287.024	12.8524	281
4.7	327.889	8.61317	329
5	330.632	9.36514	1427
5	330.325	8.17472	348
4.7	329.916	11.3892	1038
3.5	315.796	11.6553	352
0.5	277.44	14.3516	904
1.2	288.576	15.4089	1306
0.3	274.666	14.8027	1293
2.2	299.898	12.4222	65
2.8	306.456	10.4659	362
1.1	286.612	14.8908	1443
4.1	321.949	10.3851	175
1.3	290.106	15.3321	373
2.4	302.215	11.7505	285
2.9	307.505	10.7745	285
0.5	278.044	15.7888	1
2.9	307.475	10.1898	394
0.5	277.661	14.921	380
1.5	290.724	13.1794	1197
5	334.331	11.6342	1585
1.3	288.369	12.8926	289
0.1	271.713	15.01	0
4.2	322.778	9.69909	313
0.4	275.976	14.2736	178
1	285.061	14.7912	778
5	333.131	11.165	1038
1.2	287.627	14.4824	357
4.8	331.178	11.6278	182
0.7	280.763	15.0826	406
4.9	332.001	11.2241	187
0.9	283.513	14.6277	336
1.8	294.992	12.9623	344
0.9	284.124	15.5067	1425
2.2	299.923	12.4724	65
1	284.588	13.7262	264
5	334.293	12.2032	325
0.4	276.292	15.2458	1425
1	285.682	15.5152	1425
4	321.055	12.8004	798
3	308.48	10.6281	285
0.7	280.756	15.0615	0
0.1	271.712	14.9949	0
1.2	288.031	14.8496	409
5	330.307	8.00245	348
3.7	318.016	11.2998	287
3.1	309.546	10.4937	850
1.4	290.036	14.0044	1154
3.9	320.172	10.9721	263
4.6	326.988	8.57285	190
5	330.551	9.15947	353
0.5	277.814	15.2145	421
4.3	325.312	11.666	501
5	334.308	12.3801	309
4.9	331.98	11.2039	187
4.3	325.394	11.4941	854
0.4	276.328	15.3536	466
5	333.391	11.6402	279
0.8	281.929	14.6015	462
0.9	283.279	14.3986	16
3.9	320.721	11.7936	165
0.4	275.977	14.2746	178
1.4	289.661	13.8354	836
4.7	327.853	9.66207	878
4.8	328.754	8.65132	385
4.8	331.158	11.5961	444
1.4	290.84	14.5702	649
3.3	313.918	12.916	298
2.5	303.327	11.4464	296
3	308.456	10.5949	285
0.6	279.182	14.9485	0
1.4	290.024	13.9843	1154
0.7	281.068	15.5774	466
1	284.7	14.3203	1103
0.5	277.39	14.103	939
4.5	328.283	12.7846	381
3.3	313.878	12.4547	113
3.4	315.252	13.3439	451
0.1	271.708	14.9559	0
4.3	325.66	11.8849	209
0.3	274.601	14.4879	249
3.8	318.886	10.3902	183
0.1	271.722	15.0901	0
1.1	285.791	14.026	1538
0.7	280.589	14.8264	1151
0.3	274.789	15.3536	2
4.3	323.998	10.1664	1102
0.5	278.08	16.3653	293
0.7	280.673	14.9252	1443
3.5	316.568	12.9423	241
0.4	276.046	14.4897	904
0.5	278.053	15.8119	1
2.6	304.52	12.0361	65
2.2	299.896	12.4182	65
0.5	277.407	14.307	445
3.5	316.59	13.3729	461
1	284.633	14.3642	1293
5	330.728	9.46261	575
4.3	323.729	11.1976	1195
1.3	289.512	14.8153	427
0.9	284.058	15.4393	317
3.6	317.934	13.4376	479
1.2	289.345	16.1865	1635
2.6	304.452	12.5118	1598
3.4	315.187	12.6842	451
4.9	329.623	8.69285	448
3.6	317.874	12.9622	241
5	330.412	8.59389	371
0.5	277.992	15.854	118
4.2	323.274	10.7386	257
0.4	275.971	14.2553	178
0.3	274.818	15.497	312
3.1	309.498	10.4197	453
4.1	322.209	11.007	351
2.4	302.643	12.6945	82
0.9	283.512	14.6253	336
1.9	296.307	13.1144	66
3.3	313.646	12.246	1594
3.7	319.309	13.754	485
0.8	282.078	14.8276	30
3.7	319.26	13.2689	485
3.8	320.697	13.8817	502
4.9	331.977	11.1862	191
4.3	323.97	10.1313	367
3.2	310.538	10.2935	424
0.5	277.436	14.3421	904
3.7	319.279	13.4576	485
3.8	320.585	13.2474	504
3.8	320.685	13.759	502
1	285.678	15.6699	1458
4.3	324.346	10.7124	493
3.1	309.54	10.6068	424
0.6	279.729	16.0008	1
4	321.097	12.8532	798
2.3	301.086	12.3313	65
3.8	320.63	13.5056	510
1	284.721	14.3496	690
3.9	322.06	13.7488	512
2.6	304.395	11.1567	306
1.1	286.138	14.4302	462
4	323.425	13.7293	485
3	310.064	12.4234	96
4.6	329.566	12.8344	459
1.1	287.201	15.5294	1566
3.9	322.108	14.1092	505
4.1	324.767	13.4149	524
4.1	324.824	13.9863	524
0.4	276.264	15.1586	1011
0.6	279.746	16.6526	471
1.2	288.574	15.4054	1306
4.7	330.87	11.2922	645
1.5	291.138	12.977	369
4.2	326.212	13.7967	485
4.2	324.041	10.8814	228
4.8	332.162	11.8598	1585
0.8	282.277	15.0905	406
3.8	318.906	10.5849	183
3.3	313.639	12.238	1594
0.4	275.946	13.757	250
0.7	281.44	16.9422	532
4.2	323.31	10.7934	368
1.2	287.02	12.8091	281
3	308.459	10.5982	285
2.6	304.472	12.5367	1598
4.2	326.096	13.6114	473
3	308.484	10.6347	285
0.8	281.917	14.5839	462
4.9	333.449	12.6235	713
0.8	283.159	16.3292	1
4.4	326.574	11.5945	187
0.8	283.18	16.84	293
4.3	323.986	10.3695	240
4.8	331.162	11.5351	439
4.2	324.179	11.649	786
3.4	315.128	12.4971	460
5	334.736	12.8717	551
4.2	326.1	13.6172	473
4.8	332.178	13.0787	534
1.1	286.617	14.8955	1443
1.3	288.312	12.8763	384
3.6	316.962	12.4832	1159
4	323.53	14.2203	528
2.5	303.914	12.7061	498
0.8	283.142	16.3046	1
4.9	331.993	11.2042	191
4.4	324.983	10.1293	507
0.9	284.861	16.4151	1
3	308.445	10.5781	285
3.2	310.615	10.6888	430
4.2	326.112	13.6347	473
1.1	285.804	14.0402	1538
4.4	325.05	11.9831	1412
0.5	278.052	15.8083	1
0.3	274.648	14.7618	211
4.1	324.952	14.221	565
1.1	285.8	14.0357	1538
4.4	325.055	11.9877	1412
1.2	289.249	16.4901	227
1	284.608	14.3366	1293
1	286.517	16.4332	1116
3.3	311.569	10.309	508
0.5	278.04	15.7792	1
3.5	316.365	12.432	460
3.4	312.585	10.1614	584
4.9	329.674	9.49844	347
1.1	288.193	16.5937	301
0.7	280.674	14.9258	1443
0.8	283.152	16.3196	1
1	285.744	15.5838	1425
1.2	287.577	14.3321	319
1.4	289.978	13.9069	1154
0.8	283.14	16.3024	1
3	308.595	10.9028	399
0.6	279.231	15.0303	0
0.9	284.764	16.2966	1116
0.4	275.97	14.2515	178
4.8	331.802	12.2601	165
4.8	331.147	11.5043	439
4.9	333.516	13.3861	561
4.2	326.082	13.6062	510
3.7	319.176	13.016	490
3.3	313.589	12.191	1513
4.4	324.671	9.42165	482
3.9	321.909	13.3535	473
5	333.357	11.2986	610
4.9	331.991	11.2017	191
4.4	326.578	11.6031	187
1.1	286.059	14.2747	947
1	285.902	15.8282	1434
2.9	308.826	12.4028	1594
4.8	331.153	11.5173	439
1.1	286.617	14.8965	1443
5	330.497	8.71704	448
0.6	279.716	15.974	1
4.6	326.971	9.94549	332
1.2	289.868	16.7463	589
4.4	325.419	10.5122	1207
0.6	279.712	15.9667	1
0.9	284.796	16.337	1116
0.8	283.151	16.3177	1
4.1	323.089	11.7319	786
3.8	320.449	12.7394	604
4.3	325.664	11.9318	209
3.5	313.612	10.2645	587
4.3	325.119	10.786	537
1.3	289.581	14.8451	590
4.5	326.483	10.6418	620
4.8	328.742	9.54461	507
3.9	321.716	12.6663	625
1	285.554	15.4222	138
0.6	279.211	14.9975	0
3.8	320.484	13.0802	604
4	323.519	14.1101	528
1.3	289.009	14.3266	593
0.8	282.622	15.6374	1434
0.7	281.343	16.0266	1116
1.3	289.441	14.7437	30
3	308.465	10.6077	285
4.5	326.08	10.25	580
2.9	308.82	12.3901	1594
4.4	326.867	12.0308	626
4	322.965	12.4904	632
5	330.286	7.79061	348
0.6	279.64	15.8272	1116
1.2	288.1	14.8815	1464
1	285.012	14.7943	1151
4.2	326.375	14.2243	578
1.1	288.171	16.569	301
0.7	281.401	16.1212	1
0.9	283.799	15.1068	406
4.2	324.09	11.1607	291
4.3	324.388	10.7865	544
0.8	283.158	16.328	1
3.1	309.694	10.992	596
4.2	326.215	13.802	485
4.8	332.001	12.4165	713
0.9	284.791	16.3302	1116
0.6	279.721	15.984	1
0.8	283.156	16.325	1
3.6	317.611	12.4629	586
1	286.504	16.4189	1116
5	334.854	13.3745	602
5	330.715	9.44131	575
4.1	324.92	14.0128	636
0.6	279.713	15.9682	1
3	308.583	10.7839	399
1.4	289.976	13.9031	1154
4.3	327.432	13.6539	490
2.6	304.519	12.0349	65
0.4	275.975	14.2705	178
2.3	301.095	12.347	65
4.8	328.747	8.58551	385
1.1	286.615	14.8942	1443
0.8	283.135	16.2942	1
4.8	331.179	11.6287	182
4.6	327.107	10.27	642
4.3	327.816	14.4191	650
4.9	332.308	11.5874	444
0.8	283.178	16.8351	293
3.5	313.601	10.1516	587
4	322.982	12.6543	632
0.4	276.268	15.1722	1011
5	330.727	9.46115	575
0.8	283.141	16.3035	1
4.4	329.244	14.733	530
0.6	278.801	14.2042	904
0.4	276.111	14.6671	345
5	330.733	9.47041	575
4.3	327.596	13.7849	473
0.8	283.145	16.3098	1
4.4	326.566	11.5303	854
0.3	274.807	15.3845	312
0.8	282.511	15.4177	1425
4.4	324.985	10.1473	507
0.7	280.765	15.0858	406
1.5	291.135	12.9738	369
5	330.733	9.47104	575
4.7	328.122	10.1538	679
3.6	314.572	9.7168	683
0.8	283.165	16.3375	1
3.8	319.143	11.2721	429
4.9	332.017	11.2406	187
3.9	321.796	13.1216	635
3.2	310.789	10.9445	657
4.9	333.491	10.9051	529
3.7	315.51	9.74844	587
0.5	278.043	15.7859	1
5	333.143	11.1793	1038
4.7	327.968	9.96968	618
3.9	320.826	11.851	786
4.5	330.755	15.1118	688
0.6	279.648	15.8417	1116
3.5	316.456	12.6901	488
1.3	289.066	14.3236	1317
4.4	325.48	10.9188	655
0.8	282.26	15.0591	0
4.6	327.545	10.6193	630
3.9	322.096	13.9923	505
4.7	328.602	10.5671	720
1	285.601	15.4715	1566
1.2	288.581	15.4151	1306
0.5	277.322	14.0694	178
0.8	283.167	16.341	1
1.2	288.57	15.4011	1306
2.7	305.579	11.2699	487
0.5	277.29	13.4372	542
1.4	289.45	13.2342	1197
4.1	324.271	12.8908	684
1.4	289.445	13.2278	1197
1.5	290.777	12.8136	236
0.6	279.335	15.2762	1566
0.8	283.149	16.315	1
0.6	279.621	15.9057	301
0.8	282.031	14.699	945
0.6	278.586	13.5867	249
4.5	330.711	14.672	688
4.9	332.013	11.2369	187
4.6	332.296	15.4129	714
5	330.708	9.45943	315
0.8	282.569	15.5009	1425
3	308.455	10.5934	285
0.7	281.221	15.8278	1487
1.1	286.612	14.8909	1443
4.7	333.83	15.3331	741
4.2	325.576	12.8169	943
4.8	328.734	9.52856	507
5	330.72	9.44905	575
4.4	326.848	11.8844	463
4.9	331.987	11.1977	191
4.8	329.138	10.1536	701
3.7	315.5	9.71447	587
4.4	326.185	10.6584	628
0.6	279.331	15.2658	1566
0.7	280.841	15.2629	1025
1.2	287.201	14.0107	579
4.4	328.993	13.806	473
0.6	278.61	13.6451	249
1.3	289.44	14.7416	30
1.4	289.952	13.8726	289
0.4	276.165	14.8329	945
1	284.701	14.3169	690
5	334.574	12.6291	209
4.2	325.544	12.7318	731
3.8	316.433	9.32808	754
4.9	333.252	12.5082	659
4.3	327.793	14.1806	650
4.7	328.156	10.4912	679
1.2	289.22	16.1155	440
1.3	288.303	12.8282	545
0.6	278.63	13.8716	178
0.7	280.677	14.9331	1443
1.1	288.153	16.5487	301
0.8	283.156	16.3251	1
4.9	331.983	11.1929	191
0.2	273.228	15.0614	466
4.8	329.662	10.2844	1334
4.9	333.484	13.0032	459
0.6	278.587	13.587	249
3.2	310.793	10.9831	657
0.6	279.712	15.9664	1
4.8	329.682	9.58343	291
4.6	332.186	14.7481	739
3.2	312.53	12.2494	113
4.4	328.794	13.6504	490
5	330.704	9.45527	332
4.9	331.989	11.2167	342
0.7	281.318	15.9851	1116
4.3	326.898	13.2195	748
4.5	327.251	10.6588	755
0.8	282.518	15.4282	1425
4.7	333.843	15.4642	741
5	334.897	11.8603	1336
4.6	332.265	15.096	714
0.8	283.169	16.344	1
3.2	310.814	11.2011	657
0.8	283.18	16.8417	293
0.6	278.735	13.9394	939
4.6	332.161	14.5024	739
4.5	330.38	13.8668	759
0.6	279.337	15.2831	1566
4.2	323.316	10.7992	368
1.1	285.794	14.0285	1538
0.8	282.952	16.1549	301
0.7	279.983	13.7366	760
4.8	335.359	15.2969	747
5	330.704	9.45486	332
0.6	278.636	13.8827	178
1.4	289.835	13.3895	31
4.8	329.197	10.2009	891
0.6	278.717	13.9523	725
4.6	331.77	13.8965	490
4.9	330.653	9.44554	537
1	284.687	14.2934	690
2.8	306.71	11.3117	728
3.3	311.891	11.0129	1049
0.8	283.177	16.355	1
1.4	289.96	13.8968	289
4.5	330.156	13.6173	787
4.6	328.318	10.6683	792
4.1	321.941	10.1824	465
4.4	328.22	13.2221	791
4.9	336.866	15.0685	808
0.8	283.176	16.354	1
4.7	333.185	14.1414	814
4.9	336.889	15.2985	808
1.2	289.805	16.5229	775
2.7	305.714	12.0008	328
1.4	290.507	14.278	155
4.7	333.597	14.3538	801
5	338.361	14.945	825
4.7	329.379	10.6413	792
3.9	317.382	9.41149	754
0.7	279.976	13.662	760
4.5	329.536	13.1563	824
1.4	289.961	13.8994	289
4.4	329.21	14.1779	769
1.2	289.25	16.4917	227
3.9	317.333	9.00044	767
3.5	316.572	13.1931	461
4.9	330.198	9.77204	1068
5	330.393	8.40838	371
1.2	287.012	12.7291	281
4	323.108	13.1247	706
2.7	305.626	11.4934	452
4.8	328.742	9.5437	507
4.9	331.997	11.1678	557
3	308.496	10.652	285
0.6	279.708	15.9588	1
1.1	288.146	16.5409	301
5	338.421	15.322	828
3.8	319.647	11.8621	786
4	318.211	8.78323	841
4.7	328.628	10.8301	720
4.5	326.458	10.3977	620
0.4	276.346	15.393	695
4.8	334.615	14.1993	548
0.8	283.174	16.3501	1
1.5	290.71	13.1628	1197
3.3	313.756	12.2541	786
4.8	335.433	15.9047	794
4.9	336.026	14.185	814
4.7	333.619	14.574	801
1.3	289.437	14.6496	63
3.1	311.293	12.3569	498
4.5	329.557	13.3705	824
3.5	315.775	11.4535	352
2.9	307.833	11.2271	817
1.1	285.959	14.2533	1293
3.7	318.861	12.5024	663
1.2	289.223	16.119	440
4.6	331.497	13.4122	821
1.5	290.718	13.1721	1197
3.8	316.472	9.72607	754
4.8	335.389	15.4598	794
4.5	325.921	10.0287	1102
4.6	330.909	13.5141	868
4.3	325.141	11.0017	537
0.9	283.763	15.0558	0
4.5	330.176	13.8125	787
1	286.381	16.4029	301
1.1	286.601	14.8893	426
1.3	289.631	14.923	774
4	318.329	9.46688	835
4.7	333.155	13.8436	814
4.8	331.163	11.4723	553
4.9	337.023	15.9005	863
5	338.591	15.6801	889
4	321.036	10.601	340
0.7	280.709	14.9963	1443
0.6	278.634	13.8796	178
0.6	279.614	15.9001	1179
3.3	311.694	10.7943	572
0.6	279.728	15.9987	1
3.8	319.642	11.8525	786
2.7	305.585	11.3342	487
0.8	283.14	16.3027	1
4.8	330.439	9.98909	625
5	337.431	14.2847	671
4.9	336.938	15.4966	877
3.8	320.112	12.5062	872
0.1	271.699	14.8661	0
5	338.379	15.1313	825
0.2	273.19	14.85	1293
3.9	317.476	10.0359	876
3.6	314.64	10.2779	627
1.9	296.25	12.7979	68
5	330.708	9.45844	315
0.4	276.122	14.7229	1293
0.6	278.59	13.5965	249
0.4	275.98	14.2864	178
5	337.444	14.3038	671
3.4	314.984	12.2824	862
4.8	330.454	10.0046	625
1	285.788	15.6325	1425
0.6	278.875	14.3565	390
4.6	331.522	13.6631	821
4.7	332.26	14.1098	180
4	318.326	9.4388	835
0.7	281.298	16.0784	301
4.4	326.241	10.998	880
4.8	332.007	11.3751	534
0.5	277.772	15.1408	1011
2.8	306.776	11.4955	452
0.8	283.13	16.288	1
1.1	286.613	14.8918	1443
4.8	334.535	13.8052	887
2.2	300.18	11.9648	69
4.9	335.908	13.7264	929
4	318.247	9.14348	841
4.2	326.104	13.623	473
1.3	289.071	14.459	358
4.1	319.051	8.39591	855
0.8	283.148	16.3141	1
1.4	290.516	14.4456	934
4.2	319.881	8.35009	855
0.2	273.159	14.6447	178
4.2	319.904	8.53426	935
4.7	332.263	13.0788	846
5	331.177	9.77368	1068
3.7	319.168	12.9379	490
3.5	316.207	12.2596	862
0.3	274.682	14.8684	462
3.9	320.725	11.8282	165
0.3	274.64	14.6734	211
0.5	277.401	14.046	1215
1.2	287.489	14.1406	79
2.2	299.968	12.4944	68
4.8	330.457	10.008	625
1.3	288.37	12.6446	172
5	334.796	12.9064	209
4	318.494	10.1759	907
2.6	304.377	10.9713	306
0.8	283.016	16.1269	1116
4.8	328.735	9.52973	507
4.9	333.234	12.3361	659
0.8	283.17	16.3449	1
3.3	313.596	12.5564	135
0.8	283.174	16.3513	1
4	323.496	13.9949	721
1.2	288.76	15.5955	527
4.9	330.154	9.76816	1207
4.9	330.215	9.79266	1068
1.5	291.034	12.5409	61
0.5	277.774	15.1446	1011
4.3	326.813	12.742	943
0.5	277.494	14.477	474
5	338.486	15.4756	902
3	308.467	10.6099	285
2.7	305.61	11.3852	547
4.1	319.158	9.14531	754
0.8	283.146	16.3108	1
4.8	329.204	10.2091	891
4.1	319.099	8.8783	855
5	338.493	15.5513	902
1	285.266	15.0796	994
4.1	319.072	8.61341	855
4.8	335.036	14.3903	832
1.4	289.958	13.6465	49
0.6	278.621	13.8533	163
4.3	320.773	8.78869	754
0.5	277.311	14.0428	163
0.6	279.715	15.9734	1
3.2	310.597	10.5146	430
4.7	327.85	9.64671	878
3.7	315.667	10.269	908
4	318.229	8.96678	841
0.7	281.398	16.1164	1
4.3	320.72	8.39119	938
0.9	284.23	15.702	1434
4.6	328.716	11.3352	854
0.5	277.726	15.0276	0
3.1	311.339	12.3347	113
4.8	331.819	12.1887	271
1.4	290.441	14.207	550
5	337.269	13.6115	931
4.8	329.658	10.2775	1334
4.8	335.018	14.2162	832
0.2	273.243	15.1454	1
2.9	307.919	11.4322	926
4.7	327.844	9.64463	310
4.7	332.888	13.659	919
0.9	284.763	16.2958	1116
4.4	321.561	8.65958	754
1.4	289.605	13.7551	836
4.9	332.349	11.6363	182
3.2	312.374	11.919	151
4.8	335.029	14.3234	832
0.1	271.716	15.0358	0
4.2	325.57	12.8054	943
4.5	328.064	11.2004	1023
0.4	276.365	15.4685	1487
4.3	320.677	7.95597	938
4.8	329.708	10.7969	856
0.3	274.789	15.3488	2
1.2	287.198	13.4454	25
0.2	273.189	14.8942	904
0.3	274.619	14.5997	904
3.3	311.649	10.513	986
1.6	292.288	12.6603	131
3.9	321.344	12.3184	903
3	309.062	11.4696	292
0.3	274.736	15.0985	1011
4.4	321.427	7.49963	1015
4.8	334.59	14.098	814
0.7	281.296	16.0738	301
1.7	293.554	12.661	1022
4.9	329.723	9.39329	1003
5	337.441	14.2996	671
1.4	289.658	13.8311	836
4.9	331.427	9.88675	900
1.1	286.778	15.094	597
5	332.424	9.97042	1033
5	331.587	10.2407	1238
1.5	290.682	12.1945	185
4.1	323.082	11.7244	786
2.6	304.514	12.0294	65
5	334.498	12.4654	768
4.4	326.842	11.8222	463
0.7	280.506	14.6633	462
1.1	287.365	15.6464	1425
0.4	276.052	14.5151	464
4.9	333.488	12.8809	209
5	330.662	9.41545	1427
2.8	306.899	11.8447	830
4.4	321.565	8.66514	754
3	308.588	10.8284	399
3.4	312.996	11.0214	1049
4.9	330.778	10.7039	1016
4.4	321.475	7.98188	1015
0.9	283.394	14.6072	462
4.9	336.457	14.5547	1437
1.2	288.295	15.1073	597
5	334.716	12.6672	551
0.8	282.515	15.4234	1425
1.2	288.113	14.8954	1464
5	337.285	13.7722	931
1.6	291.87	12.9383	1421
5	331.884	10.7082	655
4.4	321.658	8.78227	709
4.1	324.209	12.4348	645
4.9	336.486	14.5069	980
0.9	283.173	14.3348	1293
4.5	322.261	8.4516	754
1.2	288.28	15.0826	597
4.1	322.381	10.9603	368
4.9	329.538	8.36114	343
0.5	277.712	14.9995	0
5	331.134	9.72544	1068
3.2	310.541	10.2855	549
5	337.429	14.2817	671
3.4	314.801	12.1194	605
5	333.147	11.1758	624
1.5	290.981	13.7569	836
0.6	279.73	16.0028	1
4.1	324.998	14.675	565
1.1	287.304	15.5853	1425
4.1	319.278	9.48738	886
4.5	322.253	7.952	979
1.4	289.584	13.7253	836
0.6	278.634	13.8797	178
1.3	289.079	14.2995	232
4.5	322.185	7.68024	938
4.5	322.135	7.08236	1026
1.3	289.785	15.0667	1263
1.1	287.306	15.5878	1425
4.8	333.563	12.9954	941
0.3	274.783	15.287	2
3	309.981	12.2722	1513
0.6	278.594	13.6061	249
0.8	283.153	16.3206	1
4.5	322.547	8.89281	1062
4.8	333.671	13.204	846
4.8	333.673	13.2062	846
5	337.956	14.6503	1188
4.2	324.477	12.3702	204
0.5	277.862	15.411	1434
4.8	335.076	14.5701	865
1.3	289.517	14.862	427
3.7	317.898	10.8981	175
0.9	283.268	14.3503	79
4.5	322.436	8.657	709
2.7	305.502	10.6436	930
4.6	322.808	6.73681	1086
4.5	322.279	8.47387	754
4.2	326.325	14.0479	667
0.6	279.156	14.9498	402
0.8	281.353	13.5214	1215
1	286.439	16.4754	301
4.6	323.035	8.37264	754
3	308.959	11.2631	870
4.7	323.882	8.37203	709
4.1	324.799	13.7381	524
0.1	271.727	15.1433	0
0.9	284.865	16.4206	1
3.8	316.496	9.8604	709
4.9	336.478	14.4272	980
0.8	283.18	16.841	293
0.9	284.77	16.3039	1116
5	331.599	10.2661	1238
0.9	284.866	16.4214	1
4.7	323.462	6.53794	1106
4.6	323.451	8.59953	1249
5	338.607	15.8375	889
4.6	322.941	7.73692	979
0.8	283.122	16.276	1
0.2	273.22	15.04	1011
4.9	330.155	9.76991	1207
4.8	324.736	8.53635	1114
2.4	302.222	11.8211	285
4.5	322.183	7.67354	938
0.7	280.225	14.1062	211
4.4	328.973	13.7712	692
4.6	322.832	6.9676	1086
4.9	335.005	13.3179	1096
4.7	323.548	7.16763	1136
4.9	331.472	10.1445	951
3	309.056	11.4015	398
4.7	323.484	6.75255	1106
0.8	281.359	13.5338	1215
2.1	298.855	12.9001	82
5	338.614	15.9113	889
4.8	330.447	9.99789	625
4.8	333.574	13.1058	941
4.2	326.46	14.407	505
4.2	320.224	9.49054	921
3.1	310.186	11.2962	1140
3.6	316.92	12.4363	1159
0.2	273.176	14.8196	178
4	318.479	10.0366	1325
1.3	288.542	14.265	807
0.8	281.634	14.0841	1134
4.9	333.016	11.9658	996
1.4	289.977	13.9062	1154
3.1	310.228	11.4776	393
4.1	319.261	9.35338	921
2.7	305.727	12.0767	476
5	330.621	9.34668	1427
1.2	288.945	15.8012	1043
3.2	311.389	11.4372	674
4.3	327.483	13.7073	573
0.6	279.717	15.9767	1
0.8	282.946	16.0351	639
1.6	291.891	12.961	1421
0.8	282.369	15.2992	1306
0.5	277.319	14.0625	178
0.6	278.734	13.9389	939
5	334.865	12.9923	209
3.1	310.196	11.4442	477
4.9	334.893	13.3779	1270
1.6	291.916	12.9895	1421
0.5	277.431	14.3298	904
4.2	326.47	14.4323	505
4.9	325.586	8.03498	973
4.5	328.272	12.6754	381
4.7	324.377	8.78193	989
0.5	278.024	15.7422	1116
1.3	288.363	13.1245	219
4.7	324.349	8.74187	989
5	330.403	8.50192	371
2.8	306.783	11.5199	452
4.5	322.161	7.34307	1026
4.9	325.592	8.04261	973
5	336.36	13.5624	1270
0.6	278.942	14.479	969
4.5	330.631	14.0632	473
0.6	278.837	14.1624	211
4.8	324.289	7.453	979
5	337.936	14.6096	1188
5	326.382	7.95896	1176
2.4	302.311	12.2481	518
5	332.487	11.6778	718
3.3	312.531	11.4226	1162
0.9	284.263	15.7485	1434
0.6	278.863	14.2267	211
1.6	291.9	12.9717	1421
1.6	291.898	12.9687	1421
0.2	273.166	14.7176	163
4.8	324.074	6.11401	1124
0.2	273.183	14.8432	904
4.9	336.438	14.5178	1188
1	285.061	14.7914	778
0.7	281.42	16.1516	1
0.7	280.867	15.2849	1566
4.2	323.316	10.7999	368
4.8	324.251	7.39808	979
4.9	330.233	9.81508	1068
1.2	289.856	16.8113	118
4.8	334.237	13.4904	1004
4.9	329.608	8.61161	675
4.5	327.339	10.9847	923
3.6	314.616	10.1498	683
0.3	274.592	14.4039	249
1.2	288.753	15.6063	685
1.2	287.042	12.9136	108
4.9	324.707	6.89414	938
2.8	306.935	11.8203	1315
3	308.954	11.2141	870
0.8	281.988	14.6863	462
4.5	325.615	9.45505	407
3.1	310.193	11.4409	477
0.9	284.776	16.3118	1116
0.9	284.779	16.3156	1116
4	323.436	13.763	521
4.8	330.426	9.9769	625
4.7	333.67	14.8467	785
0.6	278.879	14.3955	390
1.3	289.814	15.1191	597
0.8	281.359	13.4707	494
4.1	324.43	13.2181	846
4.7	323.713	8.21305	754
4.4	329.203	14.0989	769
4.8	324.718	8.35804	1114
4.2	320.073	9.15101	973
4.9	332.01	11.1844	713
4.5	326.466	10.4745	620
4.9	325.56	8.00308	973
5	325.417	7.04971	979
0.9	284.574	16.062	1487
0.9	283.17	14.3301	1293
0.4	276.044	14.4845	904
0.7	281.235	15.8516	1487
0.2	273.177	14.8286	178
1.1	287.499	15.968	1475
2.9	308.153	11.8059	159
4.8	324.121	7.06623	938
3.9	317.432	9.59219	876
1.2	289.091	16.0769	1570
3.4	312.701	10.5344	515
4.7	333.857	15.6115	741
1.7	293.199	12.9831	1198
5	332.485	11.6751	718
0.7	280.025	13.7315	939
4.7	324.306	8.59319	1249
4.9	324.683	6.85985	938
3.8	319.078	11.2227	223
0.8	282.394	15.2539	1011
5	330.369	8.30687	1069
0.8	281.969	14.658	462
0.6	278.805	14.2115	904
1	285.265	15.0522	0
2.7	305.473	10.5856	930
3.3	311.934	11.201	798
0.7	280.504	14.6594	462
4.9	335.578	13.4104	1211
4.8	329.721	10.9308	856
5	334.576	12.7249	270
4.3	326.867	12.9033	748
0.9	284.568	16.0549	1487
3.5	315.787	11.5666	352
2.2	299.893	12.6775	1029
4.6	328.44	11.004	1213
4.9	324.647	6.8082	938
0.8	283.165	16.3376	1
4.3	321.189	9.54342	921
2.7	305.51	10.6598	930
4.1	319.124	8.94835	989
4	323.243	13.3424	607
5	336.23	13.3654	1172
1.2	289.856	16.8117	118
1.2	289.828	16.7851	5
5	325.322	6.75671	1275
4.9	334.868	13.0479	1089
3	308.46	9.85879	1105
5	334.202	11.8621	1155
0.8	283.174	16.3511	1
1.3	290.313	15.6106	531
0.8	283.156	16.3251	1
2.1	298.851	12.8582	82
4.4	322.139	9.53238	921
0.1	271.705	14.9298	0
5	336.908	13.2963	1267
4.9	330.231	9.81301	1068
2.4	302.32	12.3349	518
1.7	293.158	12.8772	1060
4.8	328.729	9.51041	258
4.8	325.16	8.53423	1256
4.9	324.658	6.82452	938
1.6	291.862	12.9292	1421
0.9	283.347	14.549	462
2.2	299.881	12.6546	1029
4.6	331.553	13.6575	1543
1.1	285.797	13.1297	90
0.4	276.249	15.1348	1025
0.8	283.165	16.3383	1
1.8	294.425	12.6665	1297
5	332.485	11.6742	718
0.9	282.698	13.7488	904
0.9	282.706	13.7587	904
4.3	321.166	9.41967	1148
4.9	324.675	6.84897	938
4.9	336.459	14.3045	1010
2.5	303.389	12.1266	65
0.8	283.136	16.2957	1
0.9	283.336	14.535	462
5	336.933	13.5438	1267
4.9	326.013	8.53818	1299
1.4	289.976	13.2044	369
4.9	325.051	7.61361	1190
4.1	319.483	10.0389	1152
4.9	325.555	7.99621	973
4.8	325.265	8.87989	1178
3.1	309.446	9.86888	1286
5	334.785	12.8923	209
5	325.836	7.39388	1584
4.9	336.44	14.5227	1188
4.4	329.257	14.7762	530
2.9	308.073	11.6778	393
3.9	321.372	12.5367	663
2.5	303.53	12.2284	68
4.8	325.252	8.7555	1178
4.2	323.492	10.9754	368
4.9	326.165	8.62932	1158
4.1	324.223	12.533	632
5	325.802	7.09868	1081
4.9	324.829	7.19608	979
0.4	276.281	15.2097	1425
4.8	330.459	10.0097	625
4.9	326.152	8.61355	1158
5	336.337	13.5287	1270
4.5	323.13	9.60733	921
4.2	320.484	10.0079	1322
0.8	283.14	16.3014	1
4.6	324.117	9.65236	921
5	331.847	10.5594	1627
4.1	319.52	10.2607	954
4.4	328.081	12.6776	968
3.1	310.084	11.254	1113
3.8	319.146	11.3045	429
1.2	289.856	16.811	118
0.8	283.179	16.8381	293
1	284.068	13.7436	904
4.9	333.146	12.5584	644
4.4	326.933	12.1935	247
4.9	325.556	7.99798	973
0.6	278.584	12.9451	729
0.4	276.314	15.3092	1090
0.8	281.36	13.4737	494
2.9	308.821	12.3915	1594
3.8	319.628	11.9396	252
4.4	328.088	12.7486	968
0.7	281.31	15.9712	1116
1.6	291.912	12.9845	1421
5	337.92	14.5788	1188
2	297.563	12.9739	78
0.8	281.956	14.6396	462
2.8	306.751	11.4056	972
5	325.828	7.15045	1081
1.4	289.97	13.1937	369
5	327.009	8.57208	1341
5	334.4	11.7109	1585
4.7	329.533	10.9313	1274
4.9	326.126	8.74567	1178
4.8	328.834	9.80961	447
0.6	279.728	15.9999	1
4.9	325.034	7.44672	1190
0.6	278.625	13.8615	178
0.7	279.838	13.3724	249
1	286.401	16.3078	1121
4.9	325.554	7.9948	973
3.4	314.723	12.408	164
1.1	288.033	16.3084	1487
4.9	333.146	12.5569	644
1.1	285.748	12.9024	20
1.9	295.702	12.0107	31
1.1	288.032	16.3079	1487
1.4	289.963	13.1814	369
4.5	327.238	12.0608	255
4.6	323.138	8.47554	709
0.4	276.034	14.4499	904
4.9	334.856	12.9282	1089
5	337.894	14.4685	524
4.9	335.999	14.2796	671
4.8	328.964	12.7648	907
4.3	320.997	9.24468	1236
0.6	279.598	15.747	1487
0.6	279.717	15.9774	1
1.1	287.245	15.5786	1566
0.2	273.203	14.954	462
0.4	276.044	14.4845	904
4.9	324.642	6.80104	938
0.8	281.171	13.176	1555
5	325.825	7.14476	1081
0.7	281.167	15.6901	1398
4.9	324.693	6.87455	938
0.7	279.856	13.4089	249
4.4	325.468	10.7986	655
0.8	281.639	14.1394	1134
4.9	330.81	10.7024	655
3.4	313.067	11.2431	657
3.8	319.634	11.8402	786
2.9	308.084	11.6938	393
4.9	330.825	10.7272	655
4.7	333.659	14.7356	785
1.1	287.148	15.471	1566
5	325.774	7.40419	1378
0.8	283.182	16.8464	293
2.7	305.512	11.1625	522
0.7	280.226	14.1071	211
0.8	283.176	16.3537	1
0.7	279.832	13.3615	249
4.3	321.479	9.95412	1344
0.1	271.718	15.0591	0
0.3	274.788	15.3442	2
4.4	325.013	10.0952	192
5	336.173	13.0318	941
1.2	289.827	16.7838	5
0.7	280.109	14.0162	904
0.7	279.858	13.4126	249
1.5	290.774	13.1846	1421
4.4	326.858	11.9414	626
0.2	273.239	15.1753	466
1.2	287.107	13.1011	1305
0.8	281.968	14.6564	462
4.5	330.636	14.0677	473
4.9	337.03	15.9734	863
4	322.614	12.553	1520
5	337.887	14.4615	524
4.8	330.623	10.8986	1374
0.7	279.839	13.3736	249
0.2	273.211	14.9905	0
4.9	326.184	8.65369	1158
0.8	283.181	16.8435	293
2.7	305.466	10.5722	930
4.9	325.546	7.98501	973
0.6	279.643	15.8317	1116
1.2	289.187	15.9681	28
4.9	329.603	8.57094	385
2.7	305.474	10.5886	930
4.7	323.48	6.71872	1106
4.2	324.086	11.1217	291
0.9	283.165	14.3242	1293
0.8	281.402	13.8606	904
1.2	289.693	16.6273	98
4.9	331.702	10.3581	1023
0.5	277.843	15.3109	1425
4.9	330.816	10.7119	655
0.6	278.606	13.6364	249
1.3	289.603	14.8851	128
1.2	288.688	15.531	531
4.9	336.439	14.5191	1188
0.3	274.707	14.9818	0
4.5	322.184	7.67562	938
3.6	317.154	12.09	143
3.1	309.674	10.8603	1049
1.6	291.908	12.9807	1421
4.9	326.155	8.6175	1158
5	332.482	11.6698	718
3.3	313.638	12.2363	1594
2.4	302.413	12.4415	268
4.9	324.636	6.79353	938
0.9	282.524	13.3796	939
0.4	276.322	15.3339	466
2.5	303.31	12.6676	1598
0.9	283.457	14.6847	1221
4.3	324.397	10.8064	1207
0.4	275.976	14.274	178
4.8	335.163	14.9235	1228
0.8	282.736	15.7352	466
4.2	320.547	10.2697	1348
0.8	281.359	13.4693	494
4.4	322.477	9.98008	1424
4.6	328.317	10.6554	792
1.1	285.905	14.1995	1293
0.1	271.724	15.1173	0
0.5	278.054	15.8137	1
1.2	287.191	14.0034	289
5	325.835	7.39287	1584
1.2	287.384	14.2494	871
1.1	285.91	14.2049	1293
4.2	324.267	11.7809	624
2.8	306.934	11.817	1315
1.4	289.638	12.6782	952
4.9	325.585	8.03355	973
0.3	274.78	15.2641	2
1	285.315	15.1125	406
1.7	293.212	12.9969	1365
1.1	286.155	14.4468	462
0.8	281.954	14.6372	462
4.2	325.448	12.8999	558
4.7	323.726	8.22661	754
4.7	323.725	8.22533	754
5	327.008	8.53051	1469
4.4	321.923	9.25966	1397
0.8	283.156	16.3244	1
4.9	330.813	10.7075	655
4.5	325.603	9.88458	175
0.8	281.151	13.139	1595
4.9	325.543	7.98115	973
1.2	288.754	15.6073	685
2.4	302.617	12.6301	82
4.9	324.658	6.82428	938
5	332.416	9.88557	1033
5	336.92	13.4172	1267
4.2	322.784	9.76188	313
2.9	308.811	12.3723	1594
3.4	312.782	10.8839	895
3.1	311.316	12.3963	252
4.9	324.7	6.88466	938
3	308.487	10.116	401
0.7	279.884	13.6507	163
4.5	329.543	13.2284	824
0.5	277.968	15.6105	1487
0.5	278.059	15.8254	1
0.7	279.95	13.7592	178
4.9	324.678	6.85346	938
0.9	284.809	16.3533	1116
4.5	323.093	9.53352	921
3	309.33	11.6993	1193
5	325.782	7.47486	1378
4.9	325.55	7.99043	973
0.6	279.631	15.7885	576
4.9	324.665	6.83373	938
2.2	300.148	12.9307	1143
0.7	279.857	13.4104	249
0.2	273.168	14.7399	163
4.2	325.761	13.2181	706
4.9	324.643	6.80259	938
1	285.881	15.803	1434
3.4	313.05	11.1512	1265
3.8	320.627	13.1972	168
0.7	279.882	12.977	1358
2.8	306.629	11.1793	1420
3.1	309.669	10.8172	1049
0.6	278.629	13.8685	178
5	327.05	8.65432	1444
1.3	288.903	14.1268	16
0.8	282.823	15.8821	1244
0.8	281.194	13.5709	178
4.9	324.669	6.84061	938
4.9	324.642	6.8008	938
4	322.01	11.8412	713
0.7	279.853	13.4025	249
4.9	325.555	7.99691	973
0.8	283.171	16.3465	1
1.2	287.114	13.1768	1305
4.9	325.56	8.00222	973
4.9	330.239	9.82352	1068
3	309.335	11.7076	1193
4.8	330.941	11.2701	557
1.3	289.067	14.4192	358
0.8	281.169	13.536	178
1.9	295.68	11.9741	31
0.2	273.224	15.0815	1011
5	326.4	7.9047	1062
3	309.333	11.7038	1193
5	325.548	7.18621	1338
0.7	281.053	15.6271	1434
5	332.721	10.0873	463
1	285.602	15.4287	1011
1.4	289.969	13.1918	369
4.9	324.657	6.8236	938
4.6	323.304	8.68541	1104
5	333.122	11.1476	624
4.1	321.849	12.4825	572
4.5	330.733	14.7671	1329
3.7	319.295	13.1792	168
0.7	279.843	13.3823	249
1.1	286.044	14.2231	392
1.4	290.315	14.1258	16
0.4	275.972	14.2601	178
4.2	319.921	8.48597	979
4.1	323.86	12.4676	1439
4.5	329.351	12.6994	1349
4.7	323.869	8.3595	709
0.9	284.573	16.0607	1487
4.5	330.741	14.9766	688
0.9	284.857	16.4111	1
0.6	279.71	15.9628	1
2.9	307.755	11.2593	1545
1.9	295.678	11.9701	31
2.4	302.625	12.6491	82
0.7	279.837	13.3715	249
1.1	288.02	16.2956	1487
4.3	325.195	11.6058	605
1.8	294.442	12.844	1297
3.9	320.277	11.3107	1351
4.5	325.931	9.94276	192
1.1	286.761	15.0615	597
0.6	278.727	13.9216	939
1.1	285.954	14.2485	1293
5	334.217	12.012	1155
4.9	326.167	8.6324	1158
1.3	288.573	13.864	579
4.9	331.706	10.362	1023
5	334.879	13.0105	209
4.9	325.546	7.98515	973
0.6	278.631	13.8736	178
3.5	313.748	8.76539	114
3.4	312.768	10.7372	895
0.5	278.052	15.8089	1
1.2	287.203	14.0293	579
3.5	313.873	10.9094	1519
4.2	322.994	10.4464	396
3.5	313.753	8.77205	114
0.4	276.082	14.628	1020
0.8	283.15	16.3162	1
3.1	309.49	10.0318	1522
3.3	313.559	12.1876	135
0.5	277.788	15.1793	1011
2.8	306.468	10.5874	362
1.1	287.458	15.7399	1425
4.6	330.61	12.6564	968
2	296.922	12.4352	161
4.5	326.567	10.8671	718
1.1	286.131	14.4229	462
0.3	274.639	14.7327	1200
1.6	291.88	12.9489	1421
0.9	284.872	16.4292	1
4.6	327.495	10.229	1068
2.5	303.388	12.126	65
0.8	283.145	16.3093	1
0.3	274.777	15.2797	466
1.2	289.032	15.7383	1624
1.2	289.094	15.9655	1475
0.8	283.128	16.2853	1
4.9	325.546	7.98567	973
3.8	320.465	12.9743	943
4.9	324.65	6.81271	938
1.3	290.237	15.5422	1306
0.3	274.609	14.5714	249
1.7	293.148	12.8602	1301
1.1	287.243	15.5765	1566
4.6	332.229	14.8793	1589
1.2	289.855	16.8106	118
1.5	291.138	12.9781	369
2.6	304.597	12.1222	65
3.4	313.055	11.208	1265
0.3	274.777	15.2799	466
4.4	328.151	12.8333	943
4.9	331.712	10.3688	1023
3.3	311.57	10.2862	1072
4.5	322.271	8.4646	754
4.9	330.245	9.83103	1068
end_tree
moving_vehicle
-30	-1.87502	1.57066
-15.4228	-1.87	1.57008
-3.24296	0.850362	0.865909
1.87597	11.8335	-0.00411975
1.87465	23.8377	7.24482e-05
end_vehicle
moving_obstacle
obs_size	4
start
-60	-1.875	1.57
-48	-1.86544	1.57
-36	-1.85589	1.57
-24	-1.84633	1.57
-12	-1.83678	1.57
end
start
1.875	20	0
1.875	31	0
1.875	42	0
1.875	53	0
1.875	64	0
end
start
-5.625	28	3.141
-5.61907	18	3.141
-5.61315	8	3.141
-5.60722	-1.99999	3.141
-5.60129	-12	3.141
end
start
20	1.875	1.57
32	1.88456	1.57
44	1.89411	1.57
56	1.90367	1.57
68	1.91322	1.57
end
end_obstacle
obstacle	0	obs2	-60	-1.875	1.57	12
obstacle	0	obs2	1.875	20	0	11
obstacle	0	obs2	-5.625	28	3.141	10
obstacle	0	obs2	20	1.875	1.57	12
vehicle_state	0	-30	-1.875	1.57	15
